,time,Process Creation,Authorization Policy Change,Process Termination,Logoff,Special Logon,Logon,Removable Storage,Sensitive Privilege Use,File System,File Share,Detailed File Share,Registry,Security Group Management,Security State Change,Other Logon/Logoff Events,Security System Extension
0,2016-08-25 18:51:57.000 MDT,1,0,0,0,0,0,0,0,0,0,0,0,0,0,0,0
1,2016-08-25 19:03:20.000 MDT,0,0,0,0,0,0,0,0,0,1,0,0,0,0,0,0
2,2016-08-25 19:04:01.000 MDT,0,0,1,0,0,0,0,0,0,0,0,0,0,0,0,0
3,2016-08-25 19:04:58.000 MDT,0,0,1,0,0,0,0,0,0,0,0,0,0,0,0,0
4,2016-08-25 19:06:52.000 MDT,0,0,1,0,0,0,0,0,0,0,0,0,0,0,0,0
5,2016-08-25 19:08:26.000 MDT,0,0,1,0,0,0,0,0,0,0,0,0,0,0,0,0
6,2016-08-25 19:10:08.000 MDT,1,0,0,0,0,0,0,0,0,0,0,0,0,0,0,0
7,2016-08-25 19:33:08.000 MDT,0,0,1,0,0,0,0,0,0,0,0,0,0,0,0,0
8,2016-08-25 19:36:56.000 MDT,1,0,0,0,0,0,0,0,0,0,0,0,0,0,0,0
9,2016-08-25 19:38:53.000 MDT,0,1,0,0,0,0,0,0,0,0,0,0,0,0,0,0
10,2016-08-25 19:46:20.000 MDT,0,0,0,0,0,1,0,0,0,0,0,0,0,0,0,0
11,2016-08-25 20:05:18.000 MDT,0,1,0,0,0,0,0,0,0,0,0,0,0,0,0,0
12,2016-08-25 20:37:35.000 MDT,0,1,0,0,0,0,0,0,0,0,0,0,0,0,0,0
13,2016-08-25 21:02:11.000 MDT,1,0,0,0,0,0,0,0,0,0,0,0,0,0,0,0
14,2016-08-25 21:05:41.000 MDT,1,0,0,0,0,0,0,0,0,0,0,0,0,0,0,0
15,2016-08-25 21:05:45.000 MDT,1,0,0,0,0,0,0,0,0,0,0,0,0,0,0,0
16,2016-08-25 21:16:44.000 MDT,0,0,1,0,0,0,0,0,0,0,0,0,0,0,0,0
17,2016-08-25 21:22:56.000 MDT,1,0,0,0,0,0,0,0,0,0,0,0,0,0,0,0
18,2016-08-25 21:30:55.000 MDT,1,0,0,0,0,0,0,0,0,0,0,0,0,0,0,0
19,2016-08-25 21:46:39.000 MDT,0,0,0,0,0,1,0,0,0,0,0,0,0,0,0,0
20,2016-08-25 21:48:22.000 MDT,0,0,1,0,0,0,0,0,0,0,0,0,0,0,0,0
21,2016-08-25 21:57:33.000 MDT,0,0,1,0,0,0,0,0,0,0,0,0,0,0,0,0
22,2016-08-25 22:03:53.000 MDT,0,1,0,0,0,0,0,0,0,0,0,0,0,0,0,0
23,2016-08-25 22:07:31.000 MDT,0,1,0,0,0,0,0,0,0,0,0,0,0,0,0,0
24,2016-08-25 22:13:59.000 MDT,0,0,1,0,0,0,0,0,0,0,0,0,0,0,0,0
25,2016-08-25 22:17:06.000 MDT,0,0,0,0,0,0,1,0,0,0,0,0,0,0,0,0
26,2016-08-25 22:17:44.000 MDT,0,1,0,0,0,0,0,0,0,0,0,0,0,0,0,0
27,2016-08-25 22:23:26.000 MDT,0,1,0,0,0,0,0,0,0,0,0,0,0,0,0,0
28,2016-08-25 22:25:17.000 MDT,0,0,1,0,0,0,0,0,0,0,0,0,0,0,0,0
29,2016-08-25 22:25:32.000 MDT,0,0,0,0,0,1,0,0,0,0,0,0,0,0,0,0
30,2016-08-25 22:44:41.000 MDT,0,0,1,0,0,0,0,0,0,0,0,0,0,0,0,0
31,2016-08-25 22:52:54.000 MDT,0,1,0,0,0,0,0,0,0,0,0,0,0,0,0,0
32,2016-08-25 22:55:46.000 MDT,0,0,1,0,0,0,0,0,0,0,0,0,0,0,0,0
33,2016-08-25 22:58:54.000 MDT,1,0,0,0,0,0,0,0,0,0,0,0,0,0,0,0
34,2016-08-25 23:14:39.000 MDT,0,1,0,0,0,0,0,0,0,0,0,0,0,0,0,0
35,2016-08-25 23:17:40.000 MDT,0,0,0,0,1,0,0,0,0,0,0,0,0,0,0,0
36,2016-08-25 23:34:45.000 MDT,0,0,1,0,0,0,0,0,0,0,0,0,0,0,0,0
37,2016-08-25 23:47:36.000 MDT,0,0,0,0,1,0,0,0,0,0,0,0,0,0,0,0
38,2016-08-25 23:49:01.000 MDT,0,0,1,0,0,0,0,0,0,0,0,0,0,0,0,0
39,2016-08-25 23:58:49.000 MDT,0,1,0,0,0,0,0,0,0,0,0,0,0,0,0,0
40,2016-08-25 23:59:58.000 MDT,0,0,1,0,0,0,0,0,0,0,0,0,0,0,0,0
41,2016-08-26 00:10:53.000 MDT,1,0,0,0,0,0,0,0,0,0,0,0,0,0,0,0
42,2016-08-26 00:22:20.000 MDT,0,0,1,0,0,0,0,0,0,0,0,0,0,0,0,0
43,2016-08-26 00:24:43.000 MDT,0,0,1,0,0,0,0,0,0,0,0,0,0,0,0,0
44,2016-08-26 00:25:52.000 MDT,0,1,0,0,0,0,0,0,0,0,0,0,0,0,0,0
45,2016-08-26 00:31:25.000 MDT,1,0,0,0,0,0,0,0,0,0,0,0,0,0,0,0
46,2016-08-26 00:44:11.000 MDT,1,0,0,0,0,0,0,0,0,0,0,0,0,0,0,0
47,2016-08-26 00:52:35.000 MDT,0,1,0,0,0,0,0,0,0,0,0,0,0,0,0,0
48,2016-08-26 01:04:15.000 MDT,0,1,0,0,0,0,0,0,0,0,0,0,0,0,0,0
49,2016-08-26 01:04:29.000 MDT,0,1,0,0,0,0,0,0,0,0,0,0,0,0,0,0
50,2016-08-26 01:17:07.000 MDT,1,0,0,0,0,0,0,0,0,0,0,0,0,0,0,0
51,2016-08-26 01:22:27.000 MDT,0,0,1,0,0,0,0,0,0,0,0,0,0,0,0,0
52,2016-08-26 01:47:22.000 MDT,0,0,0,0,1,0,0,0,0,0,0,0,0,0,0,0
53,2016-08-26 01:56:06.000 MDT,0,1,0,0,0,0,0,0,0,0,0,0,0,0,0,0
54,2016-08-26 02:07:44.000 MDT,0,0,0,1,0,0,0,0,0,0,0,0,0,0,0,0
55,2016-08-26 02:14:50.000 MDT,0,1,0,0,0,0,0,0,0,0,0,0,0,0,0,0
56,2016-08-26 02:14:50.000 MDT,1,0,0,0,0,0,0,0,0,0,0,0,0,0,0,0
57,2016-08-26 02:21:58.000 MDT,0,1,0,0,0,0,0,0,0,0,0,0,0,0,0,0
58,2016-08-26 02:40:11.000 MDT,0,1,0,0,0,0,0,0,0,0,0,0,0,0,0,0
59,2016-08-26 02:41:16.000 MDT,0,0,0,0,1,0,0,0,0,0,0,0,0,0,0,0
60,2016-08-26 02:44:38.000 MDT,0,1,0,0,0,0,0,0,0,0,0,0,0,0,0,0
61,2016-08-26 02:54:13.000 MDT,0,0,0,0,0,1,0,0,0,0,0,0,0,0,0,0
62,2016-08-26 02:55:05.000 MDT,0,0,1,0,0,0,0,0,0,0,0,0,0,0,0,0
63,2016-08-26 02:55:23.000 MDT,0,0,1,0,0,0,0,0,0,0,0,0,0,0,0,0
64,2016-08-26 03:11:48.000 MDT,0,1,0,0,0,0,0,0,0,0,0,0,0,0,0,0
65,2016-08-26 03:16:31.000 MDT,0,0,1,0,0,0,0,0,0,0,0,0,0,0,0,0
66,2016-08-26 03:16:48.000 MDT,0,0,0,1,0,0,0,0,0,0,0,0,0,0,0,0
67,2016-08-26 03:27:18.000 MDT,0,0,1,0,0,0,0,0,0,0,0,0,0,0,0,0
68,2016-08-26 03:28:05.000 MDT,0,1,0,0,0,0,0,0,0,0,0,0,0,0,0,0
69,2016-08-26 03:41:51.000 MDT,0,1,0,0,0,0,0,0,0,0,0,0,0,0,0,0
70,2016-08-26 03:47:09.000 MDT,0,0,1,0,0,0,0,0,0,0,0,0,0,0,0,0
71,2016-08-26 04:08:12.000 MDT,0,1,0,0,0,0,0,0,0,0,0,0,0,0,0,0
72,2016-08-26 04:18:55.000 MDT,0,1,0,0,0,0,0,0,0,0,0,0,0,0,0,0
73,2016-08-26 04:24:56.000 MDT,1,0,0,0,0,0,0,0,0,0,0,0,0,0,0,0
74,2016-08-26 04:25:24.000 MDT,0,1,0,0,0,0,0,0,0,0,0,0,0,0,0,0
75,2016-08-26 04:29:16.000 MDT,1,0,0,0,0,0,0,0,0,0,0,0,0,0,0,0
76,2016-08-26 04:29:16.000 MDT,0,0,0,1,0,0,0,0,0,0,0,0,0,0,0,0
77,2016-08-26 04:33:13.000 MDT,0,0,1,0,0,0,0,0,0,0,0,0,0,0,0,0
78,2016-08-26 04:39:50.000 MDT,0,1,0,0,0,0,0,0,0,0,0,0,0,0,0,0
79,2016-08-26 04:41:40.000 MDT,1,0,0,0,0,0,0,0,0,0,0,0,0,0,0,0
80,2016-08-26 04:41:56.000 MDT,0,0,0,1,0,0,0,0,0,0,0,0,0,0,0,0
81,2016-08-26 04:43:51.000 MDT,0,0,1,0,0,0,0,0,0,0,0,0,0,0,0,0
82,2016-08-26 04:53:10.000 MDT,0,0,0,0,1,0,0,0,0,0,0,0,0,0,0,0
83,2016-08-26 05:06:36.000 MDT,0,1,0,0,0,0,0,0,0,0,0,0,0,0,0,0
84,2016-08-26 05:10:49.000 MDT,0,0,1,0,0,0,0,0,0,0,0,0,0,0,0,0
85,2016-08-26 05:11:48.000 MDT,0,0,0,1,0,0,0,0,0,0,0,0,0,0,0,0
86,2016-08-26 05:14:54.000 MDT,0,0,1,0,0,0,0,0,0,0,0,0,0,0,0,0
87,2016-08-26 05:16:42.000 MDT,0,0,0,1,0,0,0,0,0,0,0,0,0,0,0,0
88,2016-08-26 06:04:03.000 MDT,1,0,0,0,0,0,0,0,0,0,0,0,0,0,0,0
89,2016-08-26 06:17:15.000 MDT,0,1,0,0,0,0,0,0,0,0,0,0,0,0,0,0
90,2016-08-26 06:28:09.000 MDT,0,1,0,0,0,0,0,0,0,0,0,0,0,0,0,0
91,2016-08-26 06:29:56.000 MDT,1,0,0,0,0,0,0,0,0,0,0,0,0,0,0,0
92,2016-08-26 06:31:17.000 MDT,1,0,0,0,0,0,0,0,0,0,0,0,0,0,0,0
93,2016-08-26 06:34:32.000 MDT,0,1,0,0,0,0,0,0,0,0,0,0,0,0,0,0
94,2016-08-26 06:45:12.000 MDT,0,1,0,0,0,0,0,0,0,0,0,0,0,0,0,0
95,2016-08-26 07:03:51.000 MDT,0,1,0,0,0,0,0,0,0,0,0,0,0,0,0,0
96,2016-08-26 07:11:04.000 MDT,0,0,1,0,0,0,0,0,0,0,0,0,0,0,0,0
97,2016-08-26 07:20:41.000 MDT,0,1,0,0,0,0,0,0,0,0,0,0,0,0,0,0
98,2016-08-26 07:38:24.000 MDT,0,0,0,0,0,0,1,0,0,0,0,0,0,0,0,0
99,2016-08-26 07:46:19.000 MDT,0,1,0,0,0,0,0,0,0,0,0,0,0,0,0,0
100,2016-08-26 07:47:57.000 MDT,0,1,0,0,0,0,0,0,0,0,0,0,0,0,0,0
101,2016-08-26 07:58:40.000 MDT,0,1,0,0,0,0,0,0,0,0,0,0,0,0,0,0
102,2016-08-26 07:59:39.000 MDT,1,0,0,0,0,0,0,0,0,0,0,0,0,0,0,0
103,2016-08-26 08:19:55.000 MDT,0,0,0,0,0,1,0,0,0,0,0,0,0,0,0,0
104,2016-08-26 08:23:30.000 MDT,0,0,1,0,0,0,0,0,0,0,0,0,0,0,0,0
105,2016-08-26 08:29:58.000 MDT,0,1,0,0,0,0,0,0,0,0,0,0,0,0,0,0
106,2016-08-26 08:31:25.000 MDT,0,0,0,0,0,1,0,0,0,0,0,0,0,0,0,0
107,2016-08-26 08:31:42.000 MDT,1,0,0,0,0,0,0,0,0,0,0,0,0,0,0,0
108,2016-08-26 08:34:16.000 MDT,0,0,1,0,0,0,0,0,0,0,0,0,0,0,0,0
109,2016-08-26 08:39:36.000 MDT,0,0,1,0,0,0,0,0,0,0,0,0,0,0,0,0
110,2016-08-26 08:40:41.000 MDT,0,1,0,0,0,0,0,0,0,0,0,0,0,0,0,0
111,2016-08-26 08:44:10.000 MDT,0,0,1,0,0,0,0,0,0,0,0,0,0,0,0,0
112,2016-08-26 08:45:20.000 MDT,0,0,1,0,0,0,0,0,0,0,0,0,0,0,0,0
113,2016-08-26 08:45:34.000 MDT,0,0,1,0,0,0,0,0,0,0,0,0,0,0,0,0
114,2016-08-26 08:52:55.000 MDT,0,1,0,0,0,0,0,0,0,0,0,0,0,0,0,0
115,2016-08-26 09:02:29.000 MDT,0,1,0,0,0,0,0,0,0,0,0,0,0,0,0,0
116,2016-08-26 09:04:05.000 MDT,1,0,0,0,0,0,0,0,0,0,0,0,0,0,0,0
117,2016-08-26 09:04:29.000 MDT,0,0,1,0,0,0,0,0,0,0,0,0,0,0,0,0
118,2016-08-26 09:05:36.000 MDT,1,0,0,0,0,0,0,0,0,0,0,0,0,0,0,0
119,2016-08-26 09:20:40.000 MDT,0,0,1,0,0,0,0,0,0,0,0,0,0,0,0,0
120,2016-08-26 09:21:05.000 MDT,0,0,1,0,0,0,0,0,0,0,0,0,0,0,0,0
121,2016-08-26 09:51:30.000 MDT,0,0,1,0,0,0,0,0,0,0,0,0,0,0,0,0
122,2016-08-26 09:52:03.000 MDT,0,1,0,0,0,0,0,0,0,0,0,0,0,0,0,0
123,2016-08-26 10:00:48.000 MDT,0,0,1,0,0,0,0,0,0,0,0,0,0,0,0,0
124,2016-08-26 10:06:40.000 MDT,0,1,0,0,0,0,0,0,0,0,0,0,0,0,0,0
125,2016-08-26 10:11:59.000 MDT,0,0,1,0,0,0,0,0,0,0,0,0,0,0,0,0
126,2016-08-26 10:31:23.000 MDT,0,0,1,0,0,0,0,0,0,0,0,0,0,0,0,0
127,2016-08-26 10:33:57.000 MDT,0,0,0,0,0,0,1,0,0,0,0,0,0,0,0,0
128,2016-08-26 10:37:10.000 MDT,0,0,0,1,0,0,0,0,0,0,0,0,0,0,0,0
129,2016-08-26 10:40:23.000 MDT,0,0,0,0,0,1,0,0,0,0,0,0,0,0,0,0
130,2016-08-26 10:54:16.000 MDT,1,0,0,0,0,0,0,0,0,0,0,0,0,0,0,0
131,2016-08-26 11:07:11.000 MDT,0,0,1,0,0,0,0,0,0,0,0,0,0,0,0,0
132,2016-08-26 11:11:31.000 MDT,0,1,0,0,0,0,0,0,0,0,0,0,0,0,0,0
133,2016-08-26 11:18:54.000 MDT,0,0,0,0,1,0,0,0,0,0,0,0,0,0,0,0
134,2016-08-26 11:28:14.000 MDT,0,1,0,0,0,0,0,0,0,0,0,0,0,0,0,0
135,2016-08-26 11:43:29.000 MDT,0,0,1,0,0,0,0,0,0,0,0,0,0,0,0,0
136,2016-08-26 11:47:16.000 MDT,0,1,0,0,0,0,0,0,0,0,0,0,0,0,0,0
137,2016-08-26 11:50:05.000 MDT,0,0,0,0,0,0,1,0,0,0,0,0,0,0,0,0
138,2016-08-26 12:04:08.000 MDT,0,1,0,0,0,0,0,0,0,0,0,0,0,0,0,0
139,2016-08-26 12:11:55.000 MDT,0,0,1,0,0,0,0,0,0,0,0,0,0,0,0,0
140,2016-08-26 12:17:03.000 MDT,0,0,1,0,0,0,0,0,0,0,0,0,0,0,0,0
141,2016-08-26 12:19:43.000 MDT,0,0,1,0,0,0,0,0,0,0,0,0,0,0,0,0
142,2016-08-26 12:24:37.000 MDT,0,1,0,0,0,0,0,0,0,0,0,0,0,0,0,0
143,2016-08-26 12:31:46.000 MDT,0,0,0,0,0,1,0,0,0,0,0,0,0,0,0,0
144,2016-08-26 12:43:32.000 MDT,0,0,0,0,0,1,0,0,0,0,0,0,0,0,0,0
145,2016-08-26 12:45:40.000 MDT,1,0,0,0,0,0,0,0,0,0,0,0,0,0,0,0
146,2016-08-26 12:50:28.000 MDT,0,0,1,0,0,0,0,0,0,0,0,0,0,0,0,0
147,2016-08-26 12:59:43.000 MDT,0,0,1,0,0,0,0,0,0,0,0,0,0,0,0,0
148,2016-08-26 13:11:07.000 MDT,0,0,0,0,0,1,0,0,0,0,0,0,0,0,0,0
149,2016-08-26 13:13:12.000 MDT,0,1,0,0,0,0,0,0,0,0,0,0,0,0,0,0
150,2016-08-26 13:17:47.000 MDT,0,1,0,0,0,0,0,0,0,0,0,0,0,0,0,0
151,2016-08-26 13:28:38.000 MDT,0,0,1,0,0,0,0,0,0,0,0,0,0,0,0,0
152,2016-08-26 13:38:29.000 MDT,0,1,0,0,0,0,0,0,0,0,0,0,0,0,0,0
153,2016-08-26 13:49:42.000 MDT,0,0,1,0,0,0,0,0,0,0,0,0,0,0,0,0
154,2016-08-26 13:58:29.000 MDT,1,0,0,0,0,0,0,0,0,0,0,0,0,0,0,0
155,2016-08-26 14:01:32.000 MDT,1,0,0,0,0,0,0,0,0,0,0,0,0,0,0,0
156,2016-08-26 14:02:48.000 MDT,1,0,0,0,0,0,0,0,0,0,0,0,0,0,0,0
157,2016-08-26 14:10:31.000 MDT,1,0,0,0,0,0,0,0,0,0,0,0,0,0,0,0
158,2016-08-26 14:14:46.000 MDT,0,1,0,0,0,0,0,0,0,0,0,0,0,0,0,0
159,2016-08-26 14:22:18.000 MDT,0,1,0,0,0,0,0,0,0,0,0,0,0,0,0,0
160,2016-08-26 14:23:41.000 MDT,0,1,0,0,0,0,0,0,0,0,0,0,0,0,0,0
161,2016-08-26 14:25:44.000 MDT,0,1,0,0,0,0,0,0,0,0,0,0,0,0,0,0
162,2016-08-26 14:32:38.000 MDT,0,1,0,0,0,0,0,0,0,0,0,0,0,0,0,0
163,2016-08-26 14:43:15.000 MDT,1,0,0,0,0,0,0,0,0,0,0,0,0,0,0,0
164,2016-08-26 14:49:13.000 MDT,0,1,0,0,0,0,0,0,0,0,0,0,0,0,0,0
165,2016-08-26 14:53:25.000 MDT,1,0,0,0,0,0,0,0,0,0,0,0,0,0,0,0
166,2016-08-26 14:55:04.000 MDT,0,0,0,0,1,0,0,0,0,0,0,0,0,0,0,0
167,2016-08-26 14:58:18.000 MDT,0,0,0,1,0,0,0,0,0,0,0,0,0,0,0,0
168,2016-08-26 15:01:47.000 MDT,0,0,1,0,0,0,0,0,0,0,0,0,0,0,0,0
169,2016-08-26 15:04:28.000 MDT,1,0,0,0,0,0,0,0,0,0,0,0,0,0,0,0
170,2016-08-26 15:08:52.000 MDT,0,0,0,1,0,0,0,0,0,0,0,0,0,0,0,0
171,2016-08-26 15:33:00.000 MDT,1,0,0,0,0,0,0,0,0,0,0,0,0,0,0,0
172,2016-08-26 15:43:31.000 MDT,0,0,0,0,0,1,0,0,0,0,0,0,0,0,0,0
173,2016-08-26 15:47:51.000 MDT,0,0,0,0,0,1,0,0,0,0,0,0,0,0,0,0
174,2016-08-26 15:56:07.000 MDT,0,0,1,0,0,0,0,0,0,0,0,0,0,0,0,0
175,2016-08-26 15:56:18.000 MDT,0,0,1,0,0,0,0,0,0,0,0,0,0,0,0,0
176,2016-08-26 16:08:25.000 MDT,0,0,1,0,0,0,0,0,0,0,0,0,0,0,0,0
177,2016-08-26 16:09:15.000 MDT,0,1,0,0,0,0,0,0,0,0,0,0,0,0,0,0
178,2016-08-26 16:14:51.000 MDT,1,0,0,0,0,0,0,0,0,0,0,0,0,0,0,0
179,2016-08-26 16:20:31.000 MDT,1,0,0,0,0,0,0,0,0,0,0,0,0,0,0,0
180,2016-08-26 16:26:35.000 MDT,0,1,0,0,0,0,0,0,0,0,0,0,0,0,0,0
181,2016-08-26 16:35:16.000 MDT,0,0,1,0,0,0,0,0,0,0,0,0,0,0,0,0
182,2016-08-26 16:46:31.000 MDT,0,0,1,0,0,0,0,0,0,0,0,0,0,0,0,0
183,2016-08-26 16:48:59.000 MDT,0,1,0,0,0,0,0,0,0,0,0,0,0,0,0,0
184,2016-08-26 16:58:30.000 MDT,0,1,0,0,0,0,0,0,0,0,0,0,0,0,0,0
185,2016-08-26 17:04:31.000 MDT,1,0,0,0,0,0,0,0,0,0,0,0,0,0,0,0
186,2016-08-26 17:11:07.000 MDT,0,1,0,0,0,0,0,0,0,0,0,0,0,0,0,0
187,2016-08-26 17:22:25.000 MDT,0,0,1,0,0,0,0,0,0,0,0,0,0,0,0,0
188,2016-08-26 17:22:33.000 MDT,0,1,0,0,0,0,0,0,0,0,0,0,0,0,0,0
189,2016-08-26 17:22:38.000 MDT,0,1,0,0,0,0,0,0,0,0,0,0,0,0,0,0
190,2016-08-26 17:54:10.000 MDT,1,0,0,0,0,0,0,0,0,0,0,0,0,0,0,0
191,2016-08-26 17:57:25.000 MDT,1,0,0,0,0,0,0,0,0,0,0,0,0,0,0,0
192,2016-08-26 17:59:33.000 MDT,0,1,0,0,0,0,0,0,0,0,0,0,0,0,0,0
193,2016-08-26 18:01:14.000 MDT,0,0,1,0,0,0,0,0,0,0,0,0,0,0,0,0
194,2016-08-26 18:11:27.000 MDT,0,0,1,0,0,0,0,0,0,0,0,0,0,0,0,0
195,2016-08-26 18:22:33.000 MDT,0,0,0,0,0,1,0,0,0,0,0,0,0,0,0,0
196,2016-08-26 18:24:07.000 MDT,0,0,0,0,0,1,0,0,0,0,0,0,0,0,0,0
197,2016-08-26 18:25:39.000 MDT,0,0,0,0,1,0,0,0,0,0,0,0,0,0,0,0
198,2016-08-26 18:44:51.000 MDT,0,0,1,0,0,0,0,0,0,0,0,0,0,0,0,0
199,2016-08-26 18:45:04.000 MDT,1,0,0,0,0,0,0,0,0,0,0,0,0,0,0,0
200,2016-08-26 18:45:43.000 MDT,0,0,0,0,0,1,0,0,0,0,0,0,0,0,0,0
201,2016-08-26 19:01:50.000 MDT,0,0,1,0,0,0,0,0,0,0,0,0,0,0,0,0
202,2016-08-26 19:05:49.000 MDT,0,1,0,0,0,0,0,0,0,0,0,0,0,0,0,0
203,2016-08-26 19:06:44.000 MDT,1,0,0,0,0,0,0,0,0,0,0,0,0,0,0,0
204,2016-08-26 19:21:27.000 MDT,0,1,0,0,0,0,0,0,0,0,0,0,0,0,0,0
205,2016-08-26 19:21:47.000 MDT,0,1,0,0,0,0,0,0,0,0,0,0,0,0,0,0
206,2016-08-26 19:22:39.000 MDT,0,1,0,0,0,0,0,0,0,0,0,0,0,0,0,0
207,2016-08-26 19:23:09.000 MDT,0,0,1,0,0,0,0,0,0,0,0,0,0,0,0,0
208,2016-08-26 19:26:44.000 MDT,0,0,1,0,0,0,0,0,0,0,0,0,0,0,0,0
209,2016-08-26 19:27:39.000 MDT,1,0,0,0,0,0,0,0,0,0,0,0,0,0,0,0
210,2016-08-26 19:29:51.000 MDT,0,0,1,0,0,0,0,0,0,0,0,0,0,0,0,0
211,2016-08-26 19:48:02.000 MDT,0,0,1,0,0,0,0,0,0,0,0,0,0,0,0,0
212,2016-08-26 19:48:21.000 MDT,0,1,0,0,0,0,0,0,0,0,0,0,0,0,0,0
213,2016-08-26 19:58:36.000 MDT,0,1,0,0,0,0,0,0,0,0,0,0,0,0,0,0
214,2016-08-26 20:10:19.000 MDT,0,1,0,0,0,0,0,0,0,0,0,0,0,0,0,0
215,2016-08-26 20:23:23.000 MDT,1,0,0,0,0,0,0,0,0,0,0,0,0,0,0,0
216,2016-08-26 20:25:51.000 MDT,0,1,0,0,0,0,0,0,0,0,0,0,0,0,0,0
217,2016-08-26 20:29:03.000 MDT,0,0,1,0,0,0,0,0,0,0,0,0,0,0,0,0
218,2016-08-26 20:34:58.000 MDT,0,0,1,0,0,0,0,0,0,0,0,0,0,0,0,0
219,2016-08-26 20:41:54.000 MDT,0,0,1,0,0,0,0,0,0,0,0,0,0,0,0,0
220,2016-08-26 20:42:44.000 MDT,0,0,0,0,0,0,0,0,0,0,1,0,0,0,0,0
221,2016-08-26 20:44:10.000 MDT,0,1,0,0,0,0,0,0,0,0,0,0,0,0,0,0
222,2016-08-26 20:53:52.000 MDT,0,1,0,0,0,0,0,0,0,0,0,0,0,0,0,0
223,2016-08-26 21:08:26.000 MDT,1,0,0,0,0,0,0,0,0,0,0,0,0,0,0,0
224,2016-08-26 21:09:54.000 MDT,0,1,0,0,0,0,0,0,0,0,0,0,0,0,0,0
225,2016-08-26 21:13:44.000 MDT,0,0,0,0,0,1,0,0,0,0,0,0,0,0,0,0
226,2016-08-26 21:19:23.000 MDT,1,0,0,0,0,0,0,0,0,0,0,0,0,0,0,0
227,2016-08-26 21:20:40.000 MDT,0,0,0,1,0,0,0,0,0,0,0,0,0,0,0,0
228,2016-08-26 21:21:10.000 MDT,0,0,1,0,0,0,0,0,0,0,0,0,0,0,0,0
229,2016-08-26 21:30:37.000 MDT,0,1,0,0,0,0,0,0,0,0,0,0,0,0,0,0
230,2016-08-26 21:37:24.000 MDT,0,0,0,0,0,0,0,0,0,1,0,0,0,0,0,0
231,2016-08-26 21:43:15.000 MDT,0,1,0,0,0,0,0,0,0,0,0,0,0,0,0,0
232,2016-08-26 21:49:06.000 MDT,0,1,0,0,0,0,0,0,0,0,0,0,0,0,0,0
233,2016-08-26 21:54:17.000 MDT,0,1,0,0,0,0,0,0,0,0,0,0,0,0,0,0
234,2016-08-26 22:08:21.000 MDT,0,1,0,0,0,0,0,0,0,0,0,0,0,0,0,0
235,2016-08-26 22:11:49.000 MDT,0,0,0,0,0,1,0,0,0,0,0,0,0,0,0,0
236,2016-08-26 22:16:03.000 MDT,1,0,0,0,0,0,0,0,0,0,0,0,0,0,0,0
237,2016-08-26 22:18:37.000 MDT,0,0,0,0,0,1,0,0,0,0,0,0,0,0,0,0
238,2016-08-26 22:25:24.000 MDT,0,0,1,0,0,0,0,0,0,0,0,0,0,0,0,0
239,2016-08-26 22:28:51.000 MDT,0,0,0,0,0,1,0,0,0,0,0,0,0,0,0,0
240,2016-08-26 22:46:35.000 MDT,0,1,0,0,0,0,0,0,0,0,0,0,0,0,0,0
241,2016-08-26 22:48:46.000 MDT,1,0,0,0,0,0,0,0,0,0,0,0,0,0,0,0
242,2016-08-26 22:54:06.000 MDT,0,0,0,0,1,0,0,0,0,0,0,0,0,0,0,0
243,2016-08-26 22:54:34.000 MDT,0,1,0,0,0,0,0,0,0,0,0,0,0,0,0,0
244,2016-08-26 23:02:43.000 MDT,0,0,0,0,1,0,0,0,0,0,0,0,0,0,0,0
245,2016-08-26 23:11:12.000 MDT,0,0,0,0,0,1,0,0,0,0,0,0,0,0,0,0
246,2016-08-26 23:11:43.000 MDT,0,0,0,1,0,0,0,0,0,0,0,0,0,0,0,0
247,2016-08-26 23:31:40.000 MDT,0,1,0,0,0,0,0,0,0,0,0,0,0,0,0,0
248,2016-08-26 23:34:53.000 MDT,0,1,0,0,0,0,0,0,0,0,0,0,0,0,0,0
249,2016-08-26 23:35:55.000 MDT,0,1,0,0,0,0,0,0,0,0,0,0,0,0,0,0
250,2016-08-26 23:43:15.000 MDT,0,1,0,0,0,0,0,0,0,0,0,0,0,0,0,0
251,2016-08-26 23:51:17.000 MDT,0,0,0,0,0,0,0,0,0,1,0,0,0,0,0,0
252,2016-08-26 23:53:13.000 MDT,0,1,0,0,0,0,0,0,0,0,0,0,0,0,0,0
253,2016-08-26 23:54:05.000 MDT,0,1,0,0,0,0,0,0,0,0,0,0,0,0,0,0
254,2016-08-26 23:56:44.000 MDT,0,1,0,0,0,0,0,0,0,0,0,0,0,0,0,0
255,2016-08-26 23:57:50.000 MDT,0,0,1,0,0,0,0,0,0,0,0,0,0,0,0,0
256,2016-08-27 00:09:31.000 MDT,0,0,0,0,0,1,0,0,0,0,0,0,0,0,0,0
257,2016-08-27 00:12:17.000 MDT,0,0,0,0,1,0,0,0,0,0,0,0,0,0,0,0
258,2016-08-27 00:39:04.000 MDT,0,0,0,0,0,0,0,0,0,1,0,0,0,0,0,0
259,2016-08-27 00:41:56.000 MDT,0,1,0,0,0,0,0,0,0,0,0,0,0,0,0,0
260,2016-08-27 00:46:55.000 MDT,0,1,0,0,0,0,0,0,0,0,0,0,0,0,0,0
261,2016-08-27 00:48:22.000 MDT,0,1,0,0,0,0,0,0,0,0,0,0,0,0,0,0
262,2016-08-27 00:54:05.000 MDT,0,1,0,0,0,0,0,0,0,0,0,0,0,0,0,0
263,2016-08-27 01:04:15.000 MDT,0,0,1,0,0,0,0,0,0,0,0,0,0,0,0,0
264,2016-08-27 01:08:56.000 MDT,1,0,0,0,0,0,0,0,0,0,0,0,0,0,0,0
265,2016-08-27 01:11:33.000 MDT,0,1,0,0,0,0,0,0,0,0,0,0,0,0,0,0
266,2016-08-27 01:12:43.000 MDT,0,0,1,0,0,0,0,0,0,0,0,0,0,0,0,0
267,2016-08-27 01:30:43.000 MDT,1,0,0,0,0,0,0,0,0,0,0,0,0,0,0,0
268,2016-08-27 02:03:17.000 MDT,0,1,0,0,0,0,0,0,0,0,0,0,0,0,0,0
269,2016-08-27 02:08:02.000 MDT,0,0,1,0,0,0,0,0,0,0,0,0,0,0,0,0
270,2016-08-27 02:10:18.000 MDT,0,0,1,0,0,0,0,0,0,0,0,0,0,0,0,0
271,2016-08-27 02:18:33.000 MDT,0,1,0,0,0,0,0,0,0,0,0,0,0,0,0,0
272,2016-08-27 02:24:06.000 MDT,0,0,1,0,0,0,0,0,0,0,0,0,0,0,0,0
273,2016-08-27 02:27:26.000 MDT,0,0,1,0,0,0,0,0,0,0,0,0,0,0,0,0
274,2016-08-27 02:29:12.000 MDT,0,0,1,0,0,0,0,0,0,0,0,0,0,0,0,0
275,2016-08-27 02:34:05.000 MDT,0,0,1,0,0,0,0,0,0,0,0,0,0,0,0,0
276,2016-08-27 02:49:46.000 MDT,0,0,1,0,0,0,0,0,0,0,0,0,0,0,0,0
277,2016-08-27 02:51:18.000 MDT,0,0,0,0,0,0,1,0,0,0,0,0,0,0,0,0
278,2016-08-27 02:55:03.000 MDT,1,0,0,0,0,0,0,0,0,0,0,0,0,0,0,0
279,2016-08-27 02:58:32.000 MDT,0,0,0,0,0,1,0,0,0,0,0,0,0,0,0,0
280,2016-08-27 03:01:53.000 MDT,0,0,1,0,0,0,0,0,0,0,0,0,0,0,0,0
281,2016-08-27 03:19:34.000 MDT,0,1,0,0,0,0,0,0,0,0,0,0,0,0,0,0
282,2016-08-27 03:37:00.000 MDT,0,1,0,0,0,0,0,0,0,0,0,0,0,0,0,0
283,2016-08-27 03:37:11.000 MDT,0,0,1,0,0,0,0,0,0,0,0,0,0,0,0,0
284,2016-08-27 03:41:17.000 MDT,0,1,0,0,0,0,0,0,0,0,0,0,0,0,0,0
285,2016-08-27 03:59:22.000 MDT,1,0,0,0,0,0,0,0,0,0,0,0,0,0,0,0
286,2016-08-27 03:59:43.000 MDT,0,0,0,0,0,0,1,0,0,0,0,0,0,0,0,0
287,2016-08-27 04:03:40.000 MDT,0,0,0,0,0,0,1,0,0,0,0,0,0,0,0,0
288,2016-08-27 04:24:39.000 MDT,0,0,1,0,0,0,0,0,0,0,0,0,0,0,0,0
289,2016-08-27 04:28:08.000 MDT,0,1,0,0,0,0,0,0,0,0,0,0,0,0,0,0
290,2016-08-27 04:30:49.000 MDT,0,0,0,0,0,1,0,0,0,0,0,0,0,0,0,0
291,2016-08-27 04:36:02.000 MDT,1,0,0,0,0,0,0,0,0,0,0,0,0,0,0,0
292,2016-08-27 04:38:55.000 MDT,0,0,1,0,0,0,0,0,0,0,0,0,0,0,0,0
293,2016-08-27 04:40:03.000 MDT,0,1,0,0,0,0,0,0,0,0,0,0,0,0,0,0
294,2016-08-27 04:59:30.000 MDT,1,0,0,0,0,0,0,0,0,0,0,0,0,0,0,0
295,2016-08-27 05:11:23.000 MDT,0,1,0,0,0,0,0,0,0,0,0,0,0,0,0,0
296,2016-08-27 05:31:42.000 MDT,0,0,1,0,0,0,0,0,0,0,0,0,0,0,0,0
297,2016-08-27 05:32:09.000 MDT,0,0,0,0,0,0,1,0,0,0,0,0,0,0,0,0
298,2016-08-27 05:39:29.000 MDT,0,0,1,0,0,0,0,0,0,0,0,0,0,0,0,0
299,2016-08-27 05:41:09.000 MDT,1,0,0,0,0,0,0,0,0,0,0,0,0,0,0,0
300,2016-08-27 05:46:01.000 MDT,1,0,0,0,0,0,0,0,0,0,0,0,0,0,0,0
301,2016-08-27 06:01:16.000 MDT,0,0,1,0,0,0,0,0,0,0,0,0,0,0,0,0
302,2016-08-27 06:02:05.000 MDT,0,0,0,0,0,0,0,0,0,1,0,0,0,0,0,0
303,2016-08-27 06:02:15.000 MDT,0,0,1,0,0,0,0,0,0,0,0,0,0,0,0,0
304,2016-08-27 06:07:29.000 MDT,0,1,0,0,0,0,0,0,0,0,0,0,0,0,0,0
305,2016-08-27 06:13:18.000 MDT,0,0,1,0,0,0,0,0,0,0,0,0,0,0,0,0
306,2016-08-27 06:16:42.000 MDT,0,1,0,0,0,0,0,0,0,0,0,0,0,0,0,0
307,2016-08-27 06:23:09.000 MDT,0,0,1,0,0,0,0,0,0,0,0,0,0,0,0,0
308,2016-08-27 06:29:58.000 MDT,1,0,0,0,0,0,0,0,0,0,0,0,0,0,0,0
309,2016-08-27 06:31:08.000 MDT,1,0,0,0,0,0,0,0,0,0,0,0,0,0,0,0
310,2016-08-27 06:44:01.000 MDT,0,0,1,0,0,0,0,0,0,0,0,0,0,0,0,0
311,2016-08-27 06:48:09.000 MDT,0,1,0,0,0,0,0,0,0,0,0,0,0,0,0,0
312,2016-08-27 06:52:00.000 MDT,0,0,1,0,0,0,0,0,0,0,0,0,0,0,0,0
313,2016-08-27 06:53:16.000 MDT,0,1,0,0,0,0,0,0,0,0,0,0,0,0,0,0
314,2016-08-27 07:01:18.000 MDT,1,0,0,0,0,0,0,0,0,0,0,0,0,0,0,0
315,2016-08-27 07:01:46.000 MDT,0,0,0,0,1,0,0,0,0,0,0,0,0,0,0,0
316,2016-08-27 07:05:46.000 MDT,0,1,0,0,0,0,0,0,0,0,0,0,0,0,0,0
317,2016-08-27 07:17:57.000 MDT,0,0,1,0,0,0,0,0,0,0,0,0,0,0,0,0
318,2016-08-27 07:21:04.000 MDT,0,1,0,0,0,0,0,0,0,0,0,0,0,0,0,0
319,2016-08-27 07:49:40.000 MDT,0,0,1,0,0,0,0,0,0,0,0,0,0,0,0,0
320,2016-08-27 07:50:48.000 MDT,0,1,0,0,0,0,0,0,0,0,0,0,0,0,0,0
321,2016-08-27 08:06:15.000 MDT,0,1,0,0,0,0,0,0,0,0,0,0,0,0,0,0
322,2016-08-27 08:08:02.000 MDT,1,0,0,0,0,0,0,0,0,0,0,0,0,0,0,0
323,2016-08-27 08:12:30.000 MDT,0,0,1,0,0,0,0,0,0,0,0,0,0,0,0,0
324,2016-08-27 08:13:11.000 MDT,0,1,0,0,0,0,0,0,0,0,0,0,0,0,0,0
325,2016-08-27 08:23:27.000 MDT,0,1,0,0,0,0,0,0,0,0,0,0,0,0,0,0
326,2016-08-27 08:31:35.000 MDT,1,0,0,0,0,0,0,0,0,0,0,0,0,0,0,0
327,2016-08-27 08:32:57.000 MDT,0,1,0,0,0,0,0,0,0,0,0,0,0,0,0,0
328,2016-08-27 08:34:07.000 MDT,0,1,0,0,0,0,0,0,0,0,0,0,0,0,0,0
329,2016-08-27 08:47:21.000 MDT,0,1,0,0,0,0,0,0,0,0,0,0,0,0,0,0
330,2016-08-27 08:52:41.000 MDT,1,0,0,0,0,0,0,0,0,0,0,0,0,0,0,0
331,2016-08-27 08:55:31.000 MDT,0,1,0,0,0,0,0,0,0,0,0,0,0,0,0,0
332,2016-08-27 09:00:04.000 MDT,1,0,0,0,0,0,0,0,0,0,0,0,0,0,0,0
333,2016-08-27 09:12:00.000 MDT,0,1,0,0,0,0,0,0,0,0,0,0,0,0,0,0
334,2016-08-27 09:16:07.000 MDT,1,0,0,0,0,0,0,0,0,0,0,0,0,0,0,0
335,2016-08-27 09:21:41.000 MDT,0,1,0,0,0,0,0,0,0,0,0,0,0,0,0,0
336,2016-08-27 09:28:36.000 MDT,0,1,0,0,0,0,0,0,0,0,0,0,0,0,0,0
337,2016-08-27 09:30:05.000 MDT,0,0,1,0,0,0,0,0,0,0,0,0,0,0,0,0
338,2016-08-27 09:50:17.000 MDT,0,1,0,0,0,0,0,0,0,0,0,0,0,0,0,0
339,2016-08-27 09:53:22.000 MDT,1,0,0,0,0,0,0,0,0,0,0,0,0,0,0,0
340,2016-08-27 09:56:48.000 MDT,0,0,1,0,0,0,0,0,0,0,0,0,0,0,0,0
341,2016-08-27 09:57:46.000 MDT,0,1,0,0,0,0,0,0,0,0,0,0,0,0,0,0
342,2016-08-27 10:01:03.000 MDT,1,0,0,0,0,0,0,0,0,0,0,0,0,0,0,0
343,2016-08-27 10:05:23.000 MDT,0,0,0,0,0,0,1,0,0,0,0,0,0,0,0,0
344,2016-08-27 10:07:08.000 MDT,0,1,0,0,0,0,0,0,0,0,0,0,0,0,0,0
345,2016-08-27 10:12:00.000 MDT,0,0,1,0,0,0,0,0,0,0,0,0,0,0,0,0
346,2016-08-27 10:13:03.000 MDT,0,0,1,0,0,0,0,0,0,0,0,0,0,0,0,0
347,2016-08-27 10:25:11.000 MDT,0,0,1,0,0,0,0,0,0,0,0,0,0,0,0,0
348,2016-08-27 10:28:06.000 MDT,0,0,0,0,0,0,1,0,0,0,0,0,0,0,0,0
349,2016-08-27 10:34:17.000 MDT,0,1,0,0,0,0,0,0,0,0,0,0,0,0,0,0
350,2016-08-27 10:35:58.000 MDT,0,1,0,0,0,0,0,0,0,0,0,0,0,0,0,0
351,2016-08-27 10:41:16.000 MDT,0,0,1,0,0,0,0,0,0,0,0,0,0,0,0,0
352,2016-08-27 10:45:34.000 MDT,0,0,1,0,0,0,0,0,0,0,0,0,0,0,0,0
353,2016-08-27 10:48:48.000 MDT,0,0,1,0,0,0,0,0,0,0,0,0,0,0,0,0
354,2016-08-27 10:53:12.000 MDT,0,0,1,0,0,0,0,0,0,0,0,0,0,0,0,0
355,2016-08-27 10:59:35.000 MDT,0,1,0,0,0,0,0,0,0,0,0,0,0,0,0,0
356,2016-08-27 11:04:51.000 MDT,0,1,0,0,0,0,0,0,0,0,0,0,0,0,0,0
357,2016-08-27 11:05:55.000 MDT,1,0,0,0,0,0,0,0,0,0,0,0,0,0,0,0
358,2016-08-27 11:06:38.000 MDT,1,0,0,0,0,0,0,0,0,0,0,0,0,0,0,0
359,2016-08-27 11:15:10.000 MDT,0,0,0,0,0,1,0,0,0,0,0,0,0,0,0,0
360,2016-08-27 11:21:13.000 MDT,0,1,0,0,0,0,0,0,0,0,0,0,0,0,0,0
361,2016-08-27 11:30:13.000 MDT,0,0,1,0,0,0,0,0,0,0,0,0,0,0,0,0
362,2016-08-27 11:32:36.000 MDT,0,1,0,0,0,0,0,0,0,0,0,0,0,0,0,0
363,2016-08-27 11:34:24.000 MDT,0,1,0,0,0,0,0,0,0,0,0,0,0,0,0,0
364,2016-08-27 11:48:21.000 MDT,0,1,0,0,0,0,0,0,0,0,0,0,0,0,0,0
365,2016-08-27 11:48:43.000 MDT,0,0,0,0,1,0,0,0,0,0,0,0,0,0,0,0
366,2016-08-27 11:49:32.000 MDT,0,0,0,1,0,0,0,0,0,0,0,0,0,0,0,0
367,2016-08-27 12:05:04.000 MDT,0,1,0,0,0,0,0,0,0,0,0,0,0,0,0,0
368,2016-08-27 12:05:55.000 MDT,0,0,1,0,0,0,0,0,0,0,0,0,0,0,0,0
369,2016-08-27 12:13:33.000 MDT,1,0,0,0,0,0,0,0,0,0,0,0,0,0,0,0
370,2016-08-27 12:14:16.000 MDT,0,1,0,0,0,0,0,0,0,0,0,0,0,0,0,0
371,2016-08-27 12:20:57.000 MDT,0,1,0,0,0,0,0,0,0,0,0,0,0,0,0,0
372,2016-08-27 12:26:09.000 MDT,1,0,0,0,0,0,0,0,0,0,0,0,0,0,0,0
373,2016-08-27 12:44:37.000 MDT,1,0,0,0,0,0,0,0,0,0,0,0,0,0,0,0
374,2016-08-27 12:47:27.000 MDT,0,1,0,0,0,0,0,0,0,0,0,0,0,0,0,0
375,2016-08-27 12:52:21.000 MDT,0,0,1,0,0,0,0,0,0,0,0,0,0,0,0,0
376,2016-08-27 12:54:15.000 MDT,0,1,0,0,0,0,0,0,0,0,0,0,0,0,0,0
377,2016-08-27 13:10:54.000 MDT,0,1,0,0,0,0,0,0,0,0,0,0,0,0,0,0
378,2016-08-27 13:13:31.000 MDT,0,1,0,0,0,0,0,0,0,0,0,0,0,0,0,0
379,2016-08-27 13:15:46.000 MDT,0,1,0,0,0,0,0,0,0,0,0,0,0,0,0,0
380,2016-08-27 13:17:34.000 MDT,0,1,0,0,0,0,0,0,0,0,0,0,0,0,0,0
381,2016-08-27 13:27:00.000 MDT,0,0,1,0,0,0,0,0,0,0,0,0,0,0,0,0
382,2016-08-27 13:31:07.000 MDT,0,0,0,1,0,0,0,0,0,0,0,0,0,0,0,0
383,2016-08-27 13:33:47.000 MDT,0,0,1,0,0,0,0,0,0,0,0,0,0,0,0,0
384,2016-08-27 13:46:17.000 MDT,0,1,0,0,0,0,0,0,0,0,0,0,0,0,0,0
385,2016-08-27 13:48:28.000 MDT,1,0,0,0,0,0,0,0,0,0,0,0,0,0,0,0
386,2016-08-27 14:00:30.000 MDT,0,0,1,0,0,0,0,0,0,0,0,0,0,0,0,0
387,2016-08-27 14:02:44.000 MDT,0,1,0,0,0,0,0,0,0,0,0,0,0,0,0,0
388,2016-08-27 14:14:30.000 MDT,1,0,0,0,0,0,0,0,0,0,0,0,0,0,0,0
389,2016-08-27 14:15:47.000 MDT,0,1,0,0,0,0,0,0,0,0,0,0,0,0,0,0
390,2016-08-27 14:18:23.000 MDT,1,0,0,0,0,0,0,0,0,0,0,0,0,0,0,0
391,2016-08-27 14:20:30.000 MDT,1,0,0,0,0,0,0,0,0,0,0,0,0,0,0,0
392,2016-08-27 14:20:34.000 MDT,0,1,0,0,0,0,0,0,0,0,0,0,0,0,0,0
393,2016-08-27 14:23:04.000 MDT,0,1,0,0,0,0,0,0,0,0,0,0,0,0,0,0
394,2016-08-27 14:30:31.000 MDT,1,0,0,0,0,0,0,0,0,0,0,0,0,0,0,0
395,2016-08-27 14:30:53.000 MDT,0,1,0,0,0,0,0,0,0,0,0,0,0,0,0,0
396,2016-08-27 14:31:54.000 MDT,0,0,1,0,0,0,0,0,0,0,0,0,0,0,0,0
397,2016-08-27 14:43:30.000 MDT,0,1,0,0,0,0,0,0,0,0,0,0,0,0,0,0
398,2016-08-27 14:45:48.000 MDT,0,1,0,0,0,0,0,0,0,0,0,0,0,0,0,0
399,2016-08-27 14:51:36.000 MDT,0,0,1,0,0,0,0,0,0,0,0,0,0,0,0,0
400,2016-08-27 15:00:11.000 MDT,0,0,1,0,0,0,0,0,0,0,0,0,0,0,0,0
401,2016-08-27 15:01:53.000 MDT,0,1,0,0,0,0,0,0,0,0,0,0,0,0,0,0
402,2016-08-27 15:05:06.000 MDT,0,1,0,0,0,0,0,0,0,0,0,0,0,0,0,0
403,2016-08-27 15:08:13.000 MDT,0,0,1,0,0,0,0,0,0,0,0,0,0,0,0,0
404,2016-08-27 15:14:23.000 MDT,1,0,0,0,0,0,0,0,0,0,0,0,0,0,0,0
405,2016-08-27 15:16:06.000 MDT,0,0,0,1,0,0,0,0,0,0,0,0,0,0,0,0
406,2016-08-27 15:18:10.000 MDT,1,0,0,0,0,0,0,0,0,0,0,0,0,0,0,0
407,2016-08-27 15:21:18.000 MDT,0,0,1,0,0,0,0,0,0,0,0,0,0,0,0,0
408,2016-08-27 15:26:38.000 MDT,0,1,0,0,0,0,0,0,0,0,0,0,0,0,0,0
409,2016-08-27 15:28:11.000 MDT,0,0,0,0,0,0,1,0,0,0,0,0,0,0,0,0
410,2016-08-27 15:34:40.000 MDT,0,0,1,0,0,0,0,0,0,0,0,0,0,0,0,0
411,2016-08-27 15:36:44.000 MDT,0,0,1,0,0,0,0,0,0,0,0,0,0,0,0,0
412,2016-08-27 15:42:58.000 MDT,0,0,0,1,0,0,0,0,0,0,0,0,0,0,0,0
413,2016-08-27 15:46:19.000 MDT,0,0,1,0,0,0,0,0,0,0,0,0,0,0,0,0
414,2016-08-27 16:06:12.000 MDT,0,1,0,0,0,0,0,0,0,0,0,0,0,0,0,0
415,2016-08-27 16:08:21.000 MDT,0,0,0,0,1,0,0,0,0,0,0,0,0,0,0,0
416,2016-08-27 16:21:04.000 MDT,0,0,1,0,0,0,0,0,0,0,0,0,0,0,0,0
417,2016-08-27 16:24:42.000 MDT,0,1,0,0,0,0,0,0,0,0,0,0,0,0,0,0
418,2016-08-27 16:30:43.000 MDT,0,0,0,0,0,1,0,0,0,0,0,0,0,0,0,0
419,2016-08-27 16:32:05.000 MDT,1,0,0,0,0,0,0,0,0,0,0,0,0,0,0,0
420,2016-08-27 16:32:33.000 MDT,0,0,1,0,0,0,0,0,0,0,0,0,0,0,0,0
421,2016-08-27 16:37:58.000 MDT,1,0,0,0,0,0,0,0,0,0,0,0,0,0,0,0
422,2016-08-27 16:39:16.000 MDT,1,0,0,0,0,0,0,0,0,0,0,0,0,0,0,0
423,2016-08-27 16:39:22.000 MDT,0,0,1,0,0,0,0,0,0,0,0,0,0,0,0,0
424,2016-08-27 16:43:32.000 MDT,0,0,1,0,0,0,0,0,0,0,0,0,0,0,0,0
425,2016-08-27 16:43:38.000 MDT,0,1,0,0,0,0,0,0,0,0,0,0,0,0,0,0
426,2016-08-27 16:47:31.000 MDT,0,1,0,0,0,0,0,0,0,0,0,0,0,0,0,0
427,2016-08-27 16:47:48.000 MDT,0,0,0,0,0,0,1,0,0,0,0,0,0,0,0,0
428,2016-08-27 16:50:50.000 MDT,0,1,0,0,0,0,0,0,0,0,0,0,0,0,0,0
429,2016-08-27 16:53:42.000 MDT,0,0,1,0,0,0,0,0,0,0,0,0,0,0,0,0
430,2016-08-27 16:54:02.000 MDT,1,0,0,0,0,0,0,0,0,0,0,0,0,0,0,0
431,2016-08-27 17:00:35.000 MDT,0,0,1,0,0,0,0,0,0,0,0,0,0,0,0,0
432,2016-08-27 17:02:25.000 MDT,0,1,0,0,0,0,0,0,0,0,0,0,0,0,0,0
433,2016-08-27 17:02:38.000 MDT,1,0,0,0,0,0,0,0,0,0,0,0,0,0,0,0
434,2016-08-27 17:06:12.000 MDT,0,1,0,0,0,0,0,0,0,0,0,0,0,0,0,0
435,2016-08-27 17:13:52.000 MDT,0,0,1,0,0,0,0,0,0,0,0,0,0,0,0,0
436,2016-08-27 17:15:33.000 MDT,0,0,0,0,0,0,1,0,0,0,0,0,0,0,0,0
437,2016-08-27 17:23:29.000 MDT,0,1,0,0,0,0,0,0,0,0,0,0,0,0,0,0
438,2016-08-27 17:48:37.000 MDT,0,1,0,0,0,0,0,0,0,0,0,0,0,0,0,0
439,2016-08-27 17:48:51.000 MDT,1,0,0,0,0,0,0,0,0,0,0,0,0,0,0,0
440,2016-08-27 17:51:04.000 MDT,0,0,1,0,0,0,0,0,0,0,0,0,0,0,0,0
441,2016-08-27 17:51:45.000 MDT,1,0,0,0,0,0,0,0,0,0,0,0,0,0,0,0
442,2016-08-27 17:55:10.000 MDT,1,0,0,0,0,0,0,0,0,0,0,0,0,0,0,0
443,2016-08-27 18:08:21.000 MDT,0,0,0,1,0,0,0,0,0,0,0,0,0,0,0,0
444,2016-08-27 18:14:51.000 MDT,0,1,0,0,0,0,0,0,0,0,0,0,0,0,0,0
445,2016-08-27 18:22:02.000 MDT,0,1,0,0,0,0,0,0,0,0,0,0,0,0,0,0
446,2016-08-27 18:51:49.000 MDT,0,0,1,0,0,0,0,0,0,0,0,0,0,0,0,0
447,2016-08-27 18:59:19.000 MDT,0,0,0,0,0,0,1,0,0,0,0,0,0,0,0,0
448,2016-08-27 19:05:42.000 MDT,0,0,1,0,0,0,0,0,0,0,0,0,0,0,0,0
449,2016-08-27 19:06:50.000 MDT,0,0,1,0,0,0,0,0,0,0,0,0,0,0,0,0
450,2016-08-27 19:09:23.000 MDT,0,1,0,0,0,0,0,0,0,0,0,0,0,0,0,0
451,2016-08-27 19:15:00.000 MDT,0,1,0,0,0,0,0,0,0,0,0,0,0,0,0,0
452,2016-08-27 19:25:59.000 MDT,0,1,0,0,0,0,0,0,0,0,0,0,0,0,0,0
453,2016-08-27 19:26:05.000 MDT,0,0,0,1,0,0,0,0,0,0,0,0,0,0,0,0
454,2016-08-27 19:44:28.000 MDT,1,0,0,0,0,0,0,0,0,0,0,0,0,0,0,0
455,2016-08-27 19:45:38.000 MDT,0,0,1,0,0,0,0,0,0,0,0,0,0,0,0,0
456,2016-08-27 19:46:54.000 MDT,0,1,0,0,0,0,0,0,0,0,0,0,0,0,0,0
457,2016-08-27 19:49:08.000 MDT,0,0,1,0,0,0,0,0,0,0,0,0,0,0,0,0
458,2016-08-27 19:56:44.000 MDT,0,0,1,0,0,0,0,0,0,0,0,0,0,0,0,0
459,2016-08-27 20:12:42.000 MDT,0,0,0,0,0,0,1,0,0,0,0,0,0,0,0,0
460,2016-08-27 20:14:27.000 MDT,0,0,1,0,0,0,0,0,0,0,0,0,0,0,0,0
461,2016-08-27 20:16:22.000 MDT,0,1,0,0,0,0,0,0,0,0,0,0,0,0,0,0
462,2016-08-27 20:19:16.000 MDT,0,1,0,0,0,0,0,0,0,0,0,0,0,0,0,0
463,2016-08-27 20:19:45.000 MDT,0,0,1,0,0,0,0,0,0,0,0,0,0,0,0,0
464,2016-08-27 20:35:21.000 MDT,0,1,0,0,0,0,0,0,0,0,0,0,0,0,0,0
465,2016-08-27 20:39:33.000 MDT,1,0,0,0,0,0,0,0,0,0,0,0,0,0,0,0
466,2016-08-27 20:49:30.000 MDT,1,0,0,0,0,0,0,0,0,0,0,0,0,0,0,0
467,2016-08-27 20:55:13.000 MDT,0,0,0,0,0,1,0,0,0,0,0,0,0,0,0,0
468,2016-08-27 20:58:13.000 MDT,0,1,0,0,0,0,0,0,0,0,0,0,0,0,0,0
469,2016-08-27 21:17:15.000 MDT,1,0,0,0,0,0,0,0,0,0,0,0,0,0,0,0
470,2016-08-27 21:18:56.000 MDT,0,1,0,0,0,0,0,0,0,0,0,0,0,0,0,0
471,2016-08-27 21:20:53.000 MDT,0,1,0,0,0,0,0,0,0,0,0,0,0,0,0,0
472,2016-08-27 21:33:08.000 MDT,0,1,0,0,0,0,0,0,0,0,0,0,0,0,0,0
473,2016-08-27 21:46:07.000 MDT,0,0,1,0,0,0,0,0,0,0,0,0,0,0,0,0
474,2016-08-27 21:52:25.000 MDT,0,0,1,0,0,0,0,0,0,0,0,0,0,0,0,0
475,2016-08-27 21:57:30.000 MDT,0,1,0,0,0,0,0,0,0,0,0,0,0,0,0,0
476,2016-08-27 22:02:15.000 MDT,0,1,0,0,0,0,0,0,0,0,0,0,0,0,0,0
477,2016-08-27 22:03:56.000 MDT,0,0,1,0,0,0,0,0,0,0,0,0,0,0,0,0
478,2016-08-27 22:05:27.000 MDT,0,1,0,0,0,0,0,0,0,0,0,0,0,0,0,0
479,2016-08-27 22:10:57.000 MDT,1,0,0,0,0,0,0,0,0,0,0,0,0,0,0,0
480,2016-08-27 22:12:11.000 MDT,0,0,1,0,0,0,0,0,0,0,0,0,0,0,0,0
481,2016-08-27 22:16:21.000 MDT,0,1,0,0,0,0,0,0,0,0,0,0,0,0,0,0
482,2016-08-27 22:16:46.000 MDT,0,0,0,0,0,1,0,0,0,0,0,0,0,0,0,0
483,2016-08-27 22:19:39.000 MDT,0,1,0,0,0,0,0,0,0,0,0,0,0,0,0,0
484,2016-08-27 22:24:50.000 MDT,0,0,0,1,0,0,0,0,0,0,0,0,0,0,0,0
485,2016-08-27 22:27:00.000 MDT,0,1,0,0,0,0,0,0,0,0,0,0,0,0,0,0
486,2016-08-27 22:27:36.000 MDT,0,0,1,0,0,0,0,0,0,0,0,0,0,0,0,0
487,2016-08-27 22:30:14.000 MDT,0,0,1,0,0,0,0,0,0,0,0,0,0,0,0,0
488,2016-08-27 22:32:50.000 MDT,0,1,0,0,0,0,0,0,0,0,0,0,0,0,0,0
489,2016-08-27 22:38:12.000 MDT,1,0,0,0,0,0,0,0,0,0,0,0,0,0,0,0
490,2016-08-27 22:39:56.000 MDT,1,0,0,0,0,0,0,0,0,0,0,0,0,0,0,0
491,2016-08-27 22:48:40.000 MDT,0,1,0,0,0,0,0,0,0,0,0,0,0,0,0,0
492,2016-08-27 22:51:54.000 MDT,0,0,1,0,0,0,0,0,0,0,0,0,0,0,0,0
493,2016-08-27 23:02:55.000 MDT,0,1,0,0,0,0,0,0,0,0,0,0,0,0,0,0
494,2016-08-27 23:12:43.000 MDT,0,1,0,0,0,0,0,0,0,0,0,0,0,0,0,0
495,2016-08-27 23:18:01.000 MDT,0,0,1,0,0,0,0,0,0,0,0,0,0,0,0,0
496,2016-08-27 23:22:54.000 MDT,0,1,0,0,0,0,0,0,0,0,0,0,0,0,0,0
497,2016-08-27 23:24:14.000 MDT,0,0,1,0,0,0,0,0,0,0,0,0,0,0,0,0
498,2016-08-27 23:27:39.000 MDT,1,0,0,0,0,0,0,0,0,0,0,0,0,0,0,0
499,2016-08-27 23:33:25.000 MDT,0,0,0,0,0,0,1,0,0,0,0,0,0,0,0,0
500,2016-08-27 23:45:04.000 MDT,0,0,0,0,0,0,1,0,0,0,0,0,0,0,0,0
501,2016-08-27 23:56:51.000 MDT,0,0,1,0,0,0,0,0,0,0,0,0,0,0,0,0
502,2016-08-28 00:05:42.000 MDT,1,0,0,0,0,0,0,0,0,0,0,0,0,0,0,0
503,2016-08-28 00:16:45.000 MDT,0,1,0,0,0,0,0,0,0,0,0,0,0,0,0,0
504,2016-08-28 00:21:24.000 MDT,0,1,0,0,0,0,0,0,0,0,0,0,0,0,0,0
505,2016-08-28 00:28:31.000 MDT,0,1,0,0,0,0,0,0,0,0,0,0,0,0,0,0
506,2016-08-28 00:54:12.000 MDT,0,1,0,0,0,0,0,0,0,0,0,0,0,0,0,0
507,2016-08-28 01:12:53.000 MDT,0,0,0,0,0,0,1,0,0,0,0,0,0,0,0,0
508,2016-08-28 01:13:30.000 MDT,0,1,0,0,0,0,0,0,0,0,0,0,0,0,0,0
509,2016-08-28 01:29:21.000 MDT,0,1,0,0,0,0,0,0,0,0,0,0,0,0,0,0
510,2016-08-28 01:38:15.000 MDT,0,1,0,0,0,0,0,0,0,0,0,0,0,0,0,0
511,2016-08-28 01:40:49.000 MDT,1,0,0,0,0,0,0,0,0,0,0,0,0,0,0,0
512,2016-08-28 01:45:52.000 MDT,0,1,0,0,0,0,0,0,0,0,0,0,0,0,0,0
513,2016-08-28 01:46:19.000 MDT,0,1,0,0,0,0,0,0,0,0,0,0,0,0,0,0
514,2016-08-28 02:05:18.000 MDT,0,1,0,0,0,0,0,0,0,0,0,0,0,0,0,0
515,2016-08-28 02:06:19.000 MDT,0,0,1,0,0,0,0,0,0,0,0,0,0,0,0,0
516,2016-08-28 02:09:44.000 MDT,0,0,0,0,0,1,0,0,0,0,0,0,0,0,0,0
517,2016-08-28 02:16:00.000 MDT,0,1,0,0,0,0,0,0,0,0,0,0,0,0,0,0
518,2016-08-28 02:20:05.000 MDT,0,0,1,0,0,0,0,0,0,0,0,0,0,0,0,0
519,2016-08-28 02:25:32.000 MDT,0,0,1,0,0,0,0,0,0,0,0,0,0,0,0,0
520,2016-08-28 02:51:04.000 MDT,1,0,0,0,0,0,0,0,0,0,0,0,0,0,0,0
521,2016-08-28 02:54:06.000 MDT,0,0,0,0,0,0,1,0,0,0,0,0,0,0,0,0
522,2016-08-28 02:59:55.000 MDT,1,0,0,0,0,0,0,0,0,0,0,0,0,0,0,0
523,2016-08-28 03:16:10.000 MDT,0,0,0,1,0,0,0,0,0,0,0,0,0,0,0,0
524,2016-08-28 03:23:27.000 MDT,0,0,1,0,0,0,0,0,0,0,0,0,0,0,0,0
525,2016-08-28 03:27:36.000 MDT,0,1,0,0,0,0,0,0,0,0,0,0,0,0,0,0
526,2016-08-28 03:40:57.000 MDT,1,0,0,0,0,0,0,0,0,0,0,0,0,0,0,0
527,2016-08-28 03:42:19.000 MDT,1,0,0,0,0,0,0,0,0,0,0,0,0,0,0,0
528,2016-08-28 03:44:23.000 MDT,0,0,0,0,0,0,1,0,0,0,0,0,0,0,0,0
529,2016-08-28 04:02:02.000 MDT,0,1,0,0,0,0,0,0,0,0,0,0,0,0,0,0
530,2016-08-28 04:07:46.000 MDT,1,0,0,0,0,0,0,0,0,0,0,0,0,0,0,0
531,2016-08-28 04:14:03.000 MDT,1,0,0,0,0,0,0,0,0,0,0,0,0,0,0,0
532,2016-08-28 04:17:56.000 MDT,0,0,1,0,0,0,0,0,0,0,0,0,0,0,0,0
533,2016-08-28 04:20:01.000 MDT,0,1,0,0,0,0,0,0,0,0,0,0,0,0,0,0
534,2016-08-28 04:27:06.000 MDT,0,1,0,0,0,0,0,0,0,0,0,0,0,0,0,0
535,2016-08-28 04:29:27.000 MDT,1,0,0,0,0,0,0,0,0,0,0,0,0,0,0,0
536,2016-08-28 04:45:10.000 MDT,0,0,0,1,0,0,0,0,0,0,0,0,0,0,0,0
537,2016-08-28 04:49:15.000 MDT,0,0,1,0,0,0,0,0,0,0,0,0,0,0,0,0
538,2016-08-28 04:52:50.000 MDT,0,0,0,0,1,0,0,0,0,0,0,0,0,0,0,0
539,2016-08-28 04:53:57.000 MDT,0,0,1,0,0,0,0,0,0,0,0,0,0,0,0,0
540,2016-08-28 04:54:09.000 MDT,0,0,1,0,0,0,0,0,0,0,0,0,0,0,0,0
541,2016-08-28 04:54:33.000 MDT,0,0,1,0,0,0,0,0,0,0,0,0,0,0,0,0
542,2016-08-28 05:06:23.000 MDT,0,0,1,0,0,0,0,0,0,0,0,0,0,0,0,0
543,2016-08-28 05:07:35.000 MDT,0,0,0,0,0,1,0,0,0,0,0,0,0,0,0,0
544,2016-08-28 05:07:36.000 MDT,0,1,0,0,0,0,0,0,0,0,0,0,0,0,0,0
545,2016-08-28 05:18:05.000 MDT,0,0,0,1,0,0,0,0,0,0,0,0,0,0,0,0
546,2016-08-28 05:21:48.000 MDT,0,0,1,0,0,0,0,0,0,0,0,0,0,0,0,0
547,2016-08-28 05:25:06.000 MDT,1,0,0,0,0,0,0,0,0,0,0,0,0,0,0,0
548,2016-08-28 05:25:23.000 MDT,0,1,0,0,0,0,0,0,0,0,0,0,0,0,0,0
549,2016-08-28 05:31:28.000 MDT,0,0,1,0,0,0,0,0,0,0,0,0,0,0,0,0
550,2016-08-28 05:32:49.000 MDT,0,0,1,0,0,0,0,0,0,0,0,0,0,0,0,0
551,2016-08-28 05:38:17.000 MDT,0,0,0,1,0,0,0,0,0,0,0,0,0,0,0,0
552,2016-08-28 05:38:53.000 MDT,0,0,0,0,0,0,1,0,0,0,0,0,0,0,0,0
553,2016-08-28 05:40:45.000 MDT,0,1,0,0,0,0,0,0,0,0,0,0,0,0,0,0
554,2016-08-28 05:44:25.000 MDT,0,1,0,0,0,0,0,0,0,0,0,0,0,0,0,0
555,2016-08-28 05:46:44.000 MDT,1,0,0,0,0,0,0,0,0,0,0,0,0,0,0,0
556,2016-08-28 05:57:44.000 MDT,0,0,1,0,0,0,0,0,0,0,0,0,0,0,0,0
557,2016-08-28 05:57:48.000 MDT,0,0,0,0,0,1,0,0,0,0,0,0,0,0,0,0
558,2016-08-28 06:01:34.000 MDT,0,0,1,0,0,0,0,0,0,0,0,0,0,0,0,0
559,2016-08-28 06:01:41.000 MDT,0,1,0,0,0,0,0,0,0,0,0,0,0,0,0,0
560,2016-08-28 06:05:58.000 MDT,0,1,0,0,0,0,0,0,0,0,0,0,0,0,0,0
561,2016-08-28 06:08:10.000 MDT,1,0,0,0,0,0,0,0,0,0,0,0,0,0,0,0
562,2016-08-28 06:12:22.000 MDT,0,0,0,0,0,1,0,0,0,0,0,0,0,0,0,0
563,2016-08-28 06:21:17.000 MDT,0,0,1,0,0,0,0,0,0,0,0,0,0,0,0,0
564,2016-08-28 06:22:00.000 MDT,0,0,1,0,0,0,0,0,0,0,0,0,0,0,0,0
565,2016-08-28 06:30:26.000 MDT,1,0,0,0,0,0,0,0,0,0,0,0,0,0,0,0
566,2016-08-28 06:35:06.000 MDT,0,1,0,0,0,0,0,0,0,0,0,0,0,0,0,0
567,2016-08-28 06:36:23.000 MDT,0,0,0,1,0,0,0,0,0,0,0,0,0,0,0,0
568,2016-08-28 06:41:24.000 MDT,1,0,0,0,0,0,0,0,0,0,0,0,0,0,0,0
569,2016-08-28 06:43:00.000 MDT,0,1,0,0,0,0,0,0,0,0,0,0,0,0,0,0
570,2016-08-28 06:51:06.000 MDT,0,1,0,0,0,0,0,0,0,0,0,0,0,0,0,0
571,2016-08-28 06:51:31.000 MDT,0,0,1,0,0,0,0,0,0,0,0,0,0,0,0,0
572,2016-08-28 06:53:05.000 MDT,0,1,0,0,0,0,0,0,0,0,0,0,0,0,0,0
573,2016-08-28 06:53:16.000 MDT,0,0,0,0,0,1,0,0,0,0,0,0,0,0,0,0
574,2016-08-28 06:55:24.000 MDT,1,0,0,0,0,0,0,0,0,0,0,0,0,0,0,0
575,2016-08-28 07:03:47.000 MDT,0,1,0,0,0,0,0,0,0,0,0,0,0,0,0,0
576,2016-08-28 07:17:45.000 MDT,0,0,1,0,0,0,0,0,0,0,0,0,0,0,0,0
577,2016-08-28 07:24:13.000 MDT,1,0,0,0,0,0,0,0,0,0,0,0,0,0,0,0
578,2016-08-28 07:26:05.000 MDT,0,1,0,0,0,0,0,0,0,0,0,0,0,0,0,0
579,2016-08-28 07:26:07.000 MDT,1,0,0,0,0,0,0,0,0,0,0,0,0,0,0,0
580,2016-08-28 07:35:35.000 MDT,0,0,1,0,0,0,0,0,0,0,0,0,0,0,0,0
581,2016-08-28 07:36:23.000 MDT,0,0,1,0,0,0,0,0,0,0,0,0,0,0,0,0
582,2016-08-28 07:44:01.000 MDT,0,1,0,0,0,0,0,0,0,0,0,0,0,0,0,0
583,2016-08-28 07:45:59.000 MDT,0,0,1,0,0,0,0,0,0,0,0,0,0,0,0,0
584,2016-08-28 07:48:47.000 MDT,0,0,0,0,0,1,0,0,0,0,0,0,0,0,0,0
585,2016-08-28 07:49:39.000 MDT,0,0,0,1,0,0,0,0,0,0,0,0,0,0,0,0
586,2016-08-28 07:59:32.000 MDT,0,0,1,0,0,0,0,0,0,0,0,0,0,0,0,0
587,2016-08-28 07:59:46.000 MDT,0,0,1,0,0,0,0,0,0,0,0,0,0,0,0,0
588,2016-08-28 08:10:03.000 MDT,0,1,0,0,0,0,0,0,0,0,0,0,0,0,0,0
589,2016-08-28 08:11:42.000 MDT,0,0,1,0,0,0,0,0,0,0,0,0,0,0,0,0
590,2016-08-28 08:12:41.000 MDT,0,0,0,0,0,0,1,0,0,0,0,0,0,0,0,0
591,2016-08-28 08:18:25.000 MDT,0,1,0,0,0,0,0,0,0,0,0,0,0,0,0,0
592,2016-08-28 08:30:29.000 MDT,1,0,0,0,0,0,0,0,0,0,0,0,0,0,0,0
593,2016-08-28 08:31:59.000 MDT,0,1,0,0,0,0,0,0,0,0,0,0,0,0,0,0
594,2016-08-28 08:50:11.000 MDT,0,1,0,0,0,0,0,0,0,0,0,0,0,0,0,0
595,2016-08-28 08:51:03.000 MDT,1,0,0,0,0,0,0,0,0,0,0,0,0,0,0,0
596,2016-08-28 09:00:25.000 MDT,0,1,0,0,0,0,0,0,0,0,0,0,0,0,0,0
597,2016-08-28 09:02:12.000 MDT,1,0,0,0,0,0,0,0,0,0,0,0,0,0,0,0
598,2016-08-28 09:04:06.000 MDT,0,0,0,1,0,0,0,0,0,0,0,0,0,0,0,0
599,2016-08-28 09:11:41.000 MDT,0,0,0,0,1,0,0,0,0,0,0,0,0,0,0,0
600,2016-08-28 09:12:13.000 MDT,0,0,1,0,0,0,0,0,0,0,0,0,0,0,0,0
601,2016-08-28 09:19:38.000 MDT,0,1,0,0,0,0,0,0,0,0,0,0,0,0,0,0
602,2016-08-28 09:20:00.000 MDT,0,1,0,0,0,0,0,0,0,0,0,0,0,0,0,0
603,2016-08-28 09:21:34.000 MDT,0,1,0,0,0,0,0,0,0,0,0,0,0,0,0,0
604,2016-08-28 09:25:24.000 MDT,0,1,0,0,0,0,0,0,0,0,0,0,0,0,0,0
605,2016-08-28 09:36:57.000 MDT,1,0,0,0,0,0,0,0,0,0,0,0,0,0,0,0
606,2016-08-28 10:02:11.000 MDT,1,0,0,0,0,0,0,0,0,0,0,0,0,0,0,0
607,2016-08-28 10:03:49.000 MDT,0,1,0,0,0,0,0,0,0,0,0,0,0,0,0,0
608,2016-08-28 10:04:57.000 MDT,0,0,1,0,0,0,0,0,0,0,0,0,0,0,0,0
609,2016-08-28 10:07:26.000 MDT,1,0,0,0,0,0,0,0,0,0,0,0,0,0,0,0
610,2016-08-28 10:09:21.000 MDT,0,0,0,0,0,1,0,0,0,0,0,0,0,0,0,0
611,2016-08-28 10:18:27.000 MDT,0,0,1,0,0,0,0,0,0,0,0,0,0,0,0,0
612,2016-08-28 10:19:21.000 MDT,0,1,0,0,0,0,0,0,0,0,0,0,0,0,0,0
613,2016-08-28 10:25:08.000 MDT,1,0,0,0,0,0,0,0,0,0,0,0,0,0,0,0
614,2016-08-28 10:29:23.000 MDT,0,0,1,0,0,0,0,0,0,0,0,0,0,0,0,0
615,2016-08-28 10:44:17.000 MDT,0,0,1,0,0,0,0,0,0,0,0,0,0,0,0,0
616,2016-08-28 10:50:43.000 MDT,0,0,1,0,0,0,0,0,0,0,0,0,0,0,0,0
617,2016-08-28 10:56:17.000 MDT,0,0,1,0,0,0,0,0,0,0,0,0,0,0,0,0
618,2016-08-28 11:06:09.000 MDT,0,0,1,0,0,0,0,0,0,0,0,0,0,0,0,0
619,2016-08-28 11:06:40.000 MDT,0,1,0,0,0,0,0,0,0,0,0,0,0,0,0,0
620,2016-08-28 11:13:49.000 MDT,0,1,0,0,0,0,0,0,0,0,0,0,0,0,0,0
621,2016-08-28 11:17:34.000 MDT,0,1,0,0,0,0,0,0,0,0,0,0,0,0,0,0
622,2016-08-28 11:17:56.000 MDT,0,0,1,0,0,0,0,0,0,0,0,0,0,0,0,0
623,2016-08-28 11:30:19.000 MDT,0,0,0,0,1,0,0,0,0,0,0,0,0,0,0,0
624,2016-08-28 11:46:54.000 MDT,1,0,0,0,0,0,0,0,0,0,0,0,0,0,0,0
625,2016-08-28 11:49:14.000 MDT,0,0,0,1,0,0,0,0,0,0,0,0,0,0,0,0
626,2016-08-28 11:49:39.000 MDT,0,0,1,0,0,0,0,0,0,0,0,0,0,0,0,0
627,2016-08-28 11:51:33.000 MDT,0,1,0,0,0,0,0,0,0,0,0,0,0,0,0,0
628,2016-08-28 12:10:12.000 MDT,0,1,0,0,0,0,0,0,0,0,0,0,0,0,0,0
629,2016-08-28 12:12:02.000 MDT,0,1,0,0,0,0,0,0,0,0,0,0,0,0,0,0
630,2016-08-28 12:13:59.000 MDT,1,0,0,0,0,0,0,0,0,0,0,0,0,0,0,0
631,2016-08-28 12:29:30.000 MDT,0,0,1,0,0,0,0,0,0,0,0,0,0,0,0,0
632,2016-08-28 12:30:59.000 MDT,0,0,1,0,0,0,0,0,0,0,0,0,0,0,0,0
633,2016-08-28 12:31:05.000 MDT,0,1,0,0,0,0,0,0,0,0,0,0,0,0,0,0
634,2016-08-28 12:41:54.000 MDT,0,1,0,0,0,0,0,0,0,0,0,0,0,0,0,0
635,2016-08-28 12:52:13.000 MDT,0,0,1,0,0,0,0,0,0,0,0,0,0,0,0,0
636,2016-08-28 12:58:05.000 MDT,0,0,0,0,0,0,1,0,0,0,0,0,0,0,0,0
637,2016-08-28 13:00:13.000 MDT,0,0,1,0,0,0,0,0,0,0,0,0,0,0,0,0
638,2016-08-28 13:00:48.000 MDT,0,0,1,0,0,0,0,0,0,0,0,0,0,0,0,0
639,2016-08-28 13:27:55.000 MDT,0,0,1,0,0,0,0,0,0,0,0,0,0,0,0,0
640,2016-08-28 13:45:46.000 MDT,1,0,0,0,0,0,0,0,0,0,0,0,0,0,0,0
641,2016-08-28 13:52:53.000 MDT,0,0,1,0,0,0,0,0,0,0,0,0,0,0,0,0
642,2016-08-28 13:56:02.000 MDT,0,0,0,1,0,0,0,0,0,0,0,0,0,0,0,0
643,2016-08-28 13:56:42.000 MDT,0,1,0,0,0,0,0,0,0,0,0,0,0,0,0,0
644,2016-08-28 13:57:33.000 MDT,0,1,0,0,0,0,0,0,0,0,0,0,0,0,0,0
645,2016-08-28 14:08:14.000 MDT,0,0,0,0,0,1,0,0,0,0,0,0,0,0,0,0
646,2016-08-28 14:15:34.000 MDT,0,1,0,0,0,0,0,0,0,0,0,0,0,0,0,0
647,2016-08-28 14:17:05.000 MDT,1,0,0,0,0,0,0,0,0,0,0,0,0,0,0,0
648,2016-08-28 14:21:45.000 MDT,0,0,1,0,0,0,0,0,0,0,0,0,0,0,0,0
649,2016-08-28 14:23:06.000 MDT,0,1,0,0,0,0,0,0,0,0,0,0,0,0,0,0
650,2016-08-28 14:26:45.000 MDT,0,0,0,0,0,0,0,0,0,0,1,0,0,0,0,0
651,2016-08-28 14:29:35.000 MDT,0,1,0,0,0,0,0,0,0,0,0,0,0,0,0,0
652,2016-08-28 14:32:15.000 MDT,0,0,1,0,0,0,0,0,0,0,0,0,0,0,0,0
653,2016-08-28 14:36:34.000 MDT,0,0,1,0,0,0,0,0,0,0,0,0,0,0,0,0
654,2016-08-28 14:43:37.000 MDT,1,0,0,0,0,0,0,0,0,0,0,0,0,0,0,0
655,2016-08-28 14:44:37.000 MDT,0,0,0,0,0,1,0,0,0,0,0,0,0,0,0,0
656,2016-08-28 14:48:21.000 MDT,0,1,0,0,0,0,0,0,0,0,0,0,0,0,0,0
657,2016-08-28 14:49:19.000 MDT,1,0,0,0,0,0,0,0,0,0,0,0,0,0,0,0
658,2016-08-28 14:51:33.000 MDT,0,1,0,0,0,0,0,0,0,0,0,0,0,0,0,0
659,2016-08-28 14:57:00.000 MDT,0,1,0,0,0,0,0,0,0,0,0,0,0,0,0,0
660,2016-08-28 14:58:49.000 MDT,0,0,1,0,0,0,0,0,0,0,0,0,0,0,0,0
661,2016-08-28 15:02:53.000 MDT,1,0,0,0,0,0,0,0,0,0,0,0,0,0,0,0
662,2016-08-28 15:17:43.000 MDT,0,0,0,0,0,1,0,0,0,0,0,0,0,0,0,0
663,2016-08-28 15:17:54.000 MDT,0,0,0,0,1,0,0,0,0,0,0,0,0,0,0,0
664,2016-08-28 15:24:08.000 MDT,0,0,1,0,0,0,0,0,0,0,0,0,0,0,0,0
665,2016-08-28 15:32:26.000 MDT,0,1,0,0,0,0,0,0,0,0,0,0,0,0,0,0
666,2016-08-28 15:42:56.000 MDT,0,0,0,0,1,0,0,0,0,0,0,0,0,0,0,0
667,2016-08-28 15:45:12.000 MDT,0,1,0,0,0,0,0,0,0,0,0,0,0,0,0,0
668,2016-08-28 15:46:30.000 MDT,0,0,0,0,0,1,0,0,0,0,0,0,0,0,0,0
669,2016-08-28 16:02:20.000 MDT,0,1,0,0,0,0,0,0,0,0,0,0,0,0,0,0
670,2016-08-28 16:23:31.000 MDT,1,0,0,0,0,0,0,0,0,0,0,0,0,0,0,0
671,2016-08-28 16:39:31.000 MDT,0,1,0,0,0,0,0,0,0,0,0,0,0,0,0,0
672,2016-08-28 16:43:53.000 MDT,0,0,1,0,0,0,0,0,0,0,0,0,0,0,0,0
673,2016-08-28 16:46:12.000 MDT,0,1,0,0,0,0,0,0,0,0,0,0,0,0,0,0
674,2016-08-28 16:49:10.000 MDT,0,0,1,0,0,0,0,0,0,0,0,0,0,0,0,0
675,2016-08-28 16:59:54.000 MDT,0,1,0,0,0,0,0,0,0,0,0,0,0,0,0,0
676,2016-08-28 17:03:09.000 MDT,0,1,0,0,0,0,0,0,0,0,0,0,0,0,0,0
677,2016-08-28 17:08:06.000 MDT,0,1,0,0,0,0,0,0,0,0,0,0,0,0,0,0
678,2016-08-28 17:10:38.000 MDT,0,0,0,0,1,0,0,0,0,0,0,0,0,0,0,0
679,2016-08-28 17:12:09.000 MDT,1,0,0,0,0,0,0,0,0,0,0,0,0,0,0,0
680,2016-08-28 17:16:07.000 MDT,1,0,0,0,0,0,0,0,0,0,0,0,0,0,0,0
681,2016-08-28 17:22:18.000 MDT,0,0,0,0,0,0,1,0,0,0,0,0,0,0,0,0
682,2016-08-28 17:27:59.000 MDT,0,0,1,0,0,0,0,0,0,0,0,0,0,0,0,0
683,2016-08-28 17:28:24.000 MDT,0,0,0,0,1,0,0,0,0,0,0,0,0,0,0,0
684,2016-08-28 17:32:22.000 MDT,1,0,0,0,0,0,0,0,0,0,0,0,0,0,0,0
685,2016-08-28 17:40:54.000 MDT,0,0,1,0,0,0,0,0,0,0,0,0,0,0,0,0
686,2016-08-28 17:43:03.000 MDT,0,1,0,0,0,0,0,0,0,0,0,0,0,0,0,0
687,2016-08-28 17:48:51.000 MDT,0,0,1,0,0,0,0,0,0,0,0,0,0,0,0,0
688,2016-08-28 17:49:16.000 MDT,1,0,0,0,0,0,0,0,0,0,0,0,0,0,0,0
689,2016-08-28 17:53:54.000 MDT,0,0,0,0,0,1,0,0,0,0,0,0,0,0,0,0
690,2016-08-28 17:56:17.000 MDT,0,0,0,0,0,0,0,1,0,0,0,0,0,0,0,0
691,2016-08-28 17:57:26.000 MDT,0,1,0,0,0,0,0,0,0,0,0,0,0,0,0,0
