,time,Process Creation,Authorization Policy Change,Process Termination,Logoff,Special Logon,Logon,Removable Storage,Sensitive Privilege Use,File System,File Share,Detailed File Share,Registry,Security Group Management,Security State Change,Other Logon/Logoff Events,Security System Extension
0,2016-08-25 18:54:11.000 MDT,0,0,1,0,0,0,0,0,0,0,0,0,0,0,0,0
1,2016-08-25 18:54:18.000 MDT,0,0,1,0,0,0,0,0,0,0,0,0,0,0,0,0
2,2016-08-25 18:57:54.000 MDT,0,1,0,0,0,0,0,0,0,0,0,0,0,0,0,0
3,2016-08-25 19:04:46.000 MDT,0,1,0,0,0,0,0,0,0,0,0,0,0,0,0,0
4,2016-08-25 19:12:13.000 MDT,0,1,0,0,0,0,0,0,0,0,0,0,0,0,0,0
5,2016-08-25 19:13:03.000 MDT,0,0,1,0,0,0,0,0,0,0,0,0,0,0,0,0
6,2016-08-25 19:20:27.000 MDT,0,0,1,0,0,0,0,0,0,0,0,0,0,0,0,0
7,2016-08-25 19:20:48.000 MDT,0,0,1,0,0,0,0,0,0,0,0,0,0,0,0,0
8,2016-08-25 19:22:07.000 MDT,0,0,1,0,0,0,0,0,0,0,0,0,0,0,0,0
9,2016-08-25 19:26:59.000 MDT,0,0,1,0,0,0,0,0,0,0,0,0,0,0,0,0
10,2016-08-25 19:31:05.000 MDT,0,0,0,1,0,0,0,0,0,0,0,0,0,0,0,0
11,2016-08-25 19:33:41.000 MDT,0,1,0,0,0,0,0,0,0,0,0,0,0,0,0,0
12,2016-08-25 19:38:35.000 MDT,0,1,0,0,0,0,0,0,0,0,0,0,0,0,0,0
13,2016-08-25 19:40:01.000 MDT,0,0,0,0,0,1,0,0,0,0,0,0,0,0,0,0
14,2016-08-25 19:40:29.000 MDT,0,0,0,1,0,0,0,0,0,0,0,0,0,0,0,0
15,2016-08-25 19:43:01.000 MDT,0,0,1,0,0,0,0,0,0,0,0,0,0,0,0,0
16,2016-08-25 19:57:20.000 MDT,0,0,1,0,0,0,0,0,0,0,0,0,0,0,0,0
17,2016-08-25 20:03:43.000 MDT,0,0,1,0,0,0,0,0,0,0,0,0,0,0,0,0
18,2016-08-25 20:15:30.000 MDT,1,0,0,0,0,0,0,0,0,0,0,0,0,0,0,0
19,2016-08-25 20:22:15.000 MDT,0,0,1,0,0,0,0,0,0,0,0,0,0,0,0,0
20,2016-08-25 20:30:43.000 MDT,0,0,0,0,0,1,0,0,0,0,0,0,0,0,0,0
21,2016-08-25 20:32:16.000 MDT,0,0,0,0,0,1,0,0,0,0,0,0,0,0,0,0
22,2016-08-25 20:42:07.000 MDT,1,0,0,0,0,0,0,0,0,0,0,0,0,0,0,0
23,2016-08-25 20:46:42.000 MDT,0,1,0,0,0,0,0,0,0,0,0,0,0,0,0,0
24,2016-08-25 20:58:24.000 MDT,0,1,0,0,0,0,0,0,0,0,0,0,0,0,0,0
25,2016-08-25 21:02:11.000 MDT,0,0,0,0,0,0,1,0,0,0,0,0,0,0,0,0
26,2016-08-25 21:15:02.000 MDT,0,0,0,0,1,0,0,0,0,0,0,0,0,0,0,0
27,2016-08-25 21:23:39.000 MDT,1,0,0,0,0,0,0,0,0,0,0,0,0,0,0,0
28,2016-08-25 21:30:41.000 MDT,0,1,0,0,0,0,0,0,0,0,0,0,0,0,0,0
29,2016-08-25 21:47:04.000 MDT,0,0,0,1,0,0,0,0,0,0,0,0,0,0,0,0
30,2016-08-25 21:54:48.000 MDT,0,0,1,0,0,0,0,0,0,0,0,0,0,0,0,0
31,2016-08-25 21:59:18.000 MDT,0,1,0,0,0,0,0,0,0,0,0,0,0,0,0,0
32,2016-08-25 22:03:16.000 MDT,0,1,0,0,0,0,0,0,0,0,0,0,0,0,0,0
33,2016-08-25 22:11:03.000 MDT,0,0,1,0,0,0,0,0,0,0,0,0,0,0,0,0
34,2016-08-25 22:11:09.000 MDT,1,0,0,0,0,0,0,0,0,0,0,0,0,0,0,0
35,2016-08-25 22:11:36.000 MDT,0,0,1,0,0,0,0,0,0,0,0,0,0,0,0,0
36,2016-08-25 22:18:56.000 MDT,0,0,1,0,0,0,0,0,0,0,0,0,0,0,0,0
37,2016-08-25 22:22:23.000 MDT,0,0,1,0,0,0,0,0,0,0,0,0,0,0,0,0
38,2016-08-25 22:25:21.000 MDT,0,0,1,0,0,0,0,0,0,0,0,0,0,0,0,0
39,2016-08-25 22:42:12.000 MDT,0,0,1,0,0,0,0,0,0,0,0,0,0,0,0,0
40,2016-08-25 23:16:34.000 MDT,0,0,1,0,0,0,0,0,0,0,0,0,0,0,0,0
41,2016-08-25 23:25:59.000 MDT,0,1,0,0,0,0,0,0,0,0,0,0,0,0,0,0
42,2016-08-25 23:26:05.000 MDT,0,0,0,0,0,1,0,0,0,0,0,0,0,0,0,0
43,2016-08-25 23:31:30.000 MDT,0,0,1,0,0,0,0,0,0,0,0,0,0,0,0,0
44,2016-08-25 23:36:09.000 MDT,0,0,0,0,1,0,0,0,0,0,0,0,0,0,0,0
45,2016-08-25 23:37:37.000 MDT,0,1,0,0,0,0,0,0,0,0,0,0,0,0,0,0
46,2016-08-25 23:51:28.000 MDT,0,0,1,0,0,0,0,0,0,0,0,0,0,0,0,0
47,2016-08-26 00:07:26.000 MDT,1,0,0,0,0,0,0,0,0,0,0,0,0,0,0,0
48,2016-08-26 00:26:27.000 MDT,0,0,1,0,0,0,0,0,0,0,0,0,0,0,0,0
49,2016-08-26 00:27:33.000 MDT,0,0,1,0,0,0,0,0,0,0,0,0,0,0,0,0
50,2016-08-26 00:32:50.000 MDT,0,0,1,0,0,0,0,0,0,0,0,0,0,0,0,0
51,2016-08-26 00:33:29.000 MDT,0,0,0,0,0,0,1,0,0,0,0,0,0,0,0,0
52,2016-08-26 00:33:44.000 MDT,1,0,0,0,0,0,0,0,0,0,0,0,0,0,0,0
53,2016-08-26 00:34:38.000 MDT,0,1,0,0,0,0,0,0,0,0,0,0,0,0,0,0
54,2016-08-26 00:35:36.000 MDT,0,1,0,0,0,0,0,0,0,0,0,0,0,0,0,0
55,2016-08-26 00:38:18.000 MDT,0,1,0,0,0,0,0,0,0,0,0,0,0,0,0,0
56,2016-08-26 00:48:13.000 MDT,0,0,0,0,0,0,1,0,0,0,0,0,0,0,0,0
57,2016-08-26 00:57:38.000 MDT,0,1,0,0,0,0,0,0,0,0,0,0,0,0,0,0
58,2016-08-26 01:00:12.000 MDT,1,0,0,0,0,0,0,0,0,0,0,0,0,0,0,0
59,2016-08-26 01:02:35.000 MDT,1,0,0,0,0,0,0,0,0,0,0,0,0,0,0,0
60,2016-08-26 01:05:28.000 MDT,0,1,0,0,0,0,0,0,0,0,0,0,0,0,0,0
61,2016-08-26 01:09:25.000 MDT,0,0,0,0,0,1,0,0,0,0,0,0,0,0,0,0
62,2016-08-26 01:15:54.000 MDT,1,0,0,0,0,0,0,0,0,0,0,0,0,0,0,0
63,2016-08-26 01:29:18.000 MDT,0,0,0,0,0,0,0,0,0,0,0,1,0,0,0,0
64,2016-08-26 01:32:59.000 MDT,0,1,0,0,0,0,0,0,0,0,0,0,0,0,0,0
65,2016-08-26 01:51:15.000 MDT,0,0,1,0,0,0,0,0,0,0,0,0,0,0,0,0
66,2016-08-26 01:54:19.000 MDT,0,0,0,1,0,0,0,0,0,0,0,0,0,0,0,0
67,2016-08-26 01:55:58.000 MDT,0,0,0,0,1,0,0,0,0,0,0,0,0,0,0,0
68,2016-08-26 02:08:43.000 MDT,0,1,0,0,0,0,0,0,0,0,0,0,0,0,0,0
69,2016-08-26 02:11:09.000 MDT,0,1,0,0,0,0,0,0,0,0,0,0,0,0,0,0
70,2016-08-26 02:13:47.000 MDT,0,1,0,0,0,0,0,0,0,0,0,0,0,0,0,0
71,2016-08-26 02:21:36.000 MDT,1,0,0,0,0,0,0,0,0,0,0,0,0,0,0,0
72,2016-08-26 02:52:22.000 MDT,1,0,0,0,0,0,0,0,0,0,0,0,0,0,0,0
73,2016-08-26 02:52:43.000 MDT,0,0,1,0,0,0,0,0,0,0,0,0,0,0,0,0
74,2016-08-26 03:00:39.000 MDT,0,0,1,0,0,0,0,0,0,0,0,0,0,0,0,0
75,2016-08-26 03:02:22.000 MDT,0,1,0,0,0,0,0,0,0,0,0,0,0,0,0,0
76,2016-08-26 03:09:03.000 MDT,0,1,0,0,0,0,0,0,0,0,0,0,0,0,0,0
77,2016-08-26 03:11:05.000 MDT,0,0,1,0,0,0,0,0,0,0,0,0,0,0,0,0
78,2016-08-26 03:16:43.000 MDT,0,0,1,0,0,0,0,0,0,0,0,0,0,0,0,0
79,2016-08-26 03:17:04.000 MDT,0,0,0,1,0,0,0,0,0,0,0,0,0,0,0,0
80,2016-08-26 03:26:58.000 MDT,0,1,0,0,0,0,0,0,0,0,0,0,0,0,0,0
81,2016-08-26 03:30:20.000 MDT,0,0,1,0,0,0,0,0,0,0,0,0,0,0,0,0
82,2016-08-26 03:30:59.000 MDT,0,0,0,1,0,0,0,0,0,0,0,0,0,0,0,0
83,2016-08-26 03:44:55.000 MDT,0,1,0,0,0,0,0,0,0,0,0,0,0,0,0,0
84,2016-08-26 03:44:58.000 MDT,1,0,0,0,0,0,0,0,0,0,0,0,0,0,0,0
85,2016-08-26 03:45:55.000 MDT,0,1,0,0,0,0,0,0,0,0,0,0,0,0,0,0
86,2016-08-26 03:57:07.000 MDT,0,1,0,0,0,0,0,0,0,0,0,0,0,0,0,0
87,2016-08-26 04:10:31.000 MDT,1,0,0,0,0,0,0,0,0,0,0,0,0,0,0,0
88,2016-08-26 04:15:59.000 MDT,1,0,0,0,0,0,0,0,0,0,0,0,0,0,0,0
89,2016-08-26 04:24:20.000 MDT,0,1,0,0,0,0,0,0,0,0,0,0,0,0,0,0
90,2016-08-26 04:32:51.000 MDT,0,1,0,0,0,0,0,0,0,0,0,0,0,0,0,0
91,2016-08-26 04:36:15.000 MDT,1,0,0,0,0,0,0,0,0,0,0,0,0,0,0,0
92,2016-08-26 04:37:44.000 MDT,0,0,0,1,0,0,0,0,0,0,0,0,0,0,0,0
93,2016-08-26 04:38:40.000 MDT,0,0,0,0,1,0,0,0,0,0,0,0,0,0,0,0
94,2016-08-26 04:50:00.000 MDT,0,0,1,0,0,0,0,0,0,0,0,0,0,0,0,0
95,2016-08-26 04:53:41.000 MDT,0,1,0,0,0,0,0,0,0,0,0,0,0,0,0,0
96,2016-08-26 05:13:05.000 MDT,0,1,0,0,0,0,0,0,0,0,0,0,0,0,0,0
97,2016-08-26 05:16:33.000 MDT,0,0,1,0,0,0,0,0,0,0,0,0,0,0,0,0
98,2016-08-26 05:23:55.000 MDT,0,0,1,0,0,0,0,0,0,0,0,0,0,0,0,0
99,2016-08-26 05:44:03.000 MDT,0,0,0,0,0,1,0,0,0,0,0,0,0,0,0,0
100,2016-08-26 05:45:48.000 MDT,0,0,1,0,0,0,0,0,0,0,0,0,0,0,0,0
101,2016-08-26 05:56:41.000 MDT,0,0,1,0,0,0,0,0,0,0,0,0,0,0,0,0
102,2016-08-26 06:03:53.000 MDT,0,1,0,0,0,0,0,0,0,0,0,0,0,0,0,0
103,2016-08-26 06:07:26.000 MDT,0,0,1,0,0,0,0,0,0,0,0,0,0,0,0,0
104,2016-08-26 06:12:51.000 MDT,0,0,1,0,0,0,0,0,0,0,0,0,0,0,0,0
105,2016-08-26 06:34:30.000 MDT,0,0,1,0,0,0,0,0,0,0,0,0,0,0,0,0
106,2016-08-26 06:57:46.000 MDT,0,0,0,0,0,0,1,0,0,0,0,0,0,0,0,0
107,2016-08-26 07:06:23.000 MDT,0,1,0,0,0,0,0,0,0,0,0,0,0,0,0,0
108,2016-08-26 07:33:28.000 MDT,0,0,1,0,0,0,0,0,0,0,0,0,0,0,0,0
109,2016-08-26 07:45:09.000 MDT,1,0,0,0,0,0,0,0,0,0,0,0,0,0,0,0
110,2016-08-26 07:51:36.000 MDT,0,1,0,0,0,0,0,0,0,0,0,0,0,0,0,0
111,2016-08-26 07:56:35.000 MDT,1,0,0,0,0,0,0,0,0,0,0,0,0,0,0,0
112,2016-08-26 07:59:38.000 MDT,0,0,1,0,0,0,0,0,0,0,0,0,0,0,0,0
113,2016-08-26 08:00:52.000 MDT,1,0,0,0,0,0,0,0,0,0,0,0,0,0,0,0
114,2016-08-26 08:16:03.000 MDT,0,0,0,0,0,0,1,0,0,0,0,0,0,0,0,0
115,2016-08-26 08:18:18.000 MDT,0,1,0,0,0,0,0,0,0,0,0,0,0,0,0,0
116,2016-08-26 08:20:22.000 MDT,0,1,0,0,0,0,0,0,0,0,0,0,0,0,0,0
117,2016-08-26 08:25:12.000 MDT,1,0,0,0,0,0,0,0,0,0,0,0,0,0,0,0
118,2016-08-26 08:35:37.000 MDT,0,0,0,0,0,1,0,0,0,0,0,0,0,0,0,0
119,2016-08-26 09:05:06.000 MDT,0,0,1,0,0,0,0,0,0,0,0,0,0,0,0,0
120,2016-08-26 09:06:00.000 MDT,0,0,0,0,1,0,0,0,0,0,0,0,0,0,0,0
121,2016-08-26 09:11:40.000 MDT,0,1,0,0,0,0,0,0,0,0,0,0,0,0,0,0
122,2016-08-26 09:12:57.000 MDT,0,0,0,0,0,1,0,0,0,0,0,0,0,0,0,0
123,2016-08-26 09:13:10.000 MDT,0,0,1,0,0,0,0,0,0,0,0,0,0,0,0,0
124,2016-08-26 09:18:52.000 MDT,0,0,0,1,0,0,0,0,0,0,0,0,0,0,0,0
125,2016-08-26 09:24:13.000 MDT,1,0,0,0,0,0,0,0,0,0,0,0,0,0,0,0
126,2016-08-26 09:31:22.000 MDT,0,1,0,0,0,0,0,0,0,0,0,0,0,0,0,0
127,2016-08-26 10:02:02.000 MDT,0,0,1,0,0,0,0,0,0,0,0,0,0,0,0,0
128,2016-08-26 10:11:44.000 MDT,1,0,0,0,0,0,0,0,0,0,0,0,0,0,0,0
129,2016-08-26 10:16:47.000 MDT,0,1,0,0,0,0,0,0,0,0,0,0,0,0,0,0
130,2016-08-26 10:18:30.000 MDT,0,1,0,0,0,0,0,0,0,0,0,0,0,0,0,0
131,2016-08-26 10:35:27.000 MDT,0,0,0,0,0,1,0,0,0,0,0,0,0,0,0,0
132,2016-08-26 10:41:10.000 MDT,0,0,1,0,0,0,0,0,0,0,0,0,0,0,0,0
133,2016-08-26 10:48:36.000 MDT,0,1,0,0,0,0,0,0,0,0,0,0,0,0,0,0
134,2016-08-26 10:48:41.000 MDT,0,0,1,0,0,0,0,0,0,0,0,0,0,0,0,0
135,2016-08-26 10:53:09.000 MDT,0,1,0,0,0,0,0,0,0,0,0,0,0,0,0,0
136,2016-08-26 11:08:12.000 MDT,0,1,0,0,0,0,0,0,0,0,0,0,0,0,0,0
137,2016-08-26 11:14:37.000 MDT,0,0,1,0,0,0,0,0,0,0,0,0,0,0,0,0
138,2016-08-26 11:18:36.000 MDT,0,0,1,0,0,0,0,0,0,0,0,0,0,0,0,0
139,2016-08-26 11:39:40.000 MDT,0,1,0,0,0,0,0,0,0,0,0,0,0,0,0,0
140,2016-08-26 11:40:37.000 MDT,1,0,0,0,0,0,0,0,0,0,0,0,0,0,0,0
141,2016-08-26 11:43:15.000 MDT,0,0,1,0,0,0,0,0,0,0,0,0,0,0,0,0
142,2016-08-26 11:52:20.000 MDT,0,0,1,0,0,0,0,0,0,0,0,0,0,0,0,0
143,2016-08-26 12:08:06.000 MDT,0,0,0,0,0,0,0,0,0,1,0,0,0,0,0,0
144,2016-08-26 12:10:53.000 MDT,1,0,0,0,0,0,0,0,0,0,0,0,0,0,0,0
145,2016-08-26 12:17:44.000 MDT,0,1,0,0,0,0,0,0,0,0,0,0,0,0,0,0
146,2016-08-26 12:25:55.000 MDT,0,0,1,0,0,0,0,0,0,0,0,0,0,0,0,0
147,2016-08-26 12:26:23.000 MDT,0,0,1,0,0,0,0,0,0,0,0,0,0,0,0,0
148,2016-08-26 12:33:37.000 MDT,0,0,1,0,0,0,0,0,0,0,0,0,0,0,0,0
149,2016-08-26 12:35:15.000 MDT,0,1,0,0,0,0,0,0,0,0,0,0,0,0,0,0
150,2016-08-26 12:37:30.000 MDT,0,1,0,0,0,0,0,0,0,0,0,0,0,0,0,0
151,2016-08-26 12:40:07.000 MDT,1,0,0,0,0,0,0,0,0,0,0,0,0,0,0,0
152,2016-08-26 12:40:40.000 MDT,0,0,0,0,0,1,0,0,0,0,0,0,0,0,0,0
153,2016-08-26 12:46:07.000 MDT,0,0,1,0,0,0,0,0,0,0,0,0,0,0,0,0
154,2016-08-26 12:48:15.000 MDT,1,0,0,0,0,0,0,0,0,0,0,0,0,0,0,0
155,2016-08-26 12:59:55.000 MDT,0,0,0,0,0,0,1,0,0,0,0,0,0,0,0,0
156,2016-08-26 13:00:23.000 MDT,0,1,0,0,0,0,0,0,0,0,0,0,0,0,0,0
157,2016-08-26 13:13:39.000 MDT,0,1,0,0,0,0,0,0,0,0,0,0,0,0,0,0
158,2016-08-26 13:36:55.000 MDT,0,0,1,0,0,0,0,0,0,0,0,0,0,0,0,0
159,2016-08-26 13:53:01.000 MDT,0,0,1,0,0,0,0,0,0,0,0,0,0,0,0,0
160,2016-08-26 14:01:07.000 MDT,0,1,0,0,0,0,0,0,0,0,0,0,0,0,0,0
161,2016-08-26 14:03:44.000 MDT,0,1,0,0,0,0,0,0,0,0,0,0,0,0,0,0
162,2016-08-26 14:07:40.000 MDT,0,0,0,0,0,1,0,0,0,0,0,0,0,0,0,0
163,2016-08-26 14:08:40.000 MDT,0,1,0,0,0,0,0,0,0,0,0,0,0,0,0,0
164,2016-08-26 14:19:24.000 MDT,0,0,0,1,0,0,0,0,0,0,0,0,0,0,0,0
165,2016-08-26 14:24:40.000 MDT,0,0,1,0,0,0,0,0,0,0,0,0,0,0,0,0
166,2016-08-26 14:24:43.000 MDT,0,1,0,0,0,0,0,0,0,0,0,0,0,0,0,0
167,2016-08-26 14:39:36.000 MDT,0,0,0,1,0,0,0,0,0,0,0,0,0,0,0,0
168,2016-08-26 14:40:06.000 MDT,0,1,0,0,0,0,0,0,0,0,0,0,0,0,0,0
169,2016-08-26 14:44:35.000 MDT,1,0,0,0,0,0,0,0,0,0,0,0,0,0,0,0
170,2016-08-26 14:46:46.000 MDT,0,0,1,0,0,0,0,0,0,0,0,0,0,0,0,0
171,2016-08-26 14:56:07.000 MDT,0,0,1,0,0,0,0,0,0,0,0,0,0,0,0,0
172,2016-08-26 14:58:24.000 MDT,0,0,1,0,0,0,0,0,0,0,0,0,0,0,0,0
173,2016-08-26 14:59:44.000 MDT,1,0,0,0,0,0,0,0,0,0,0,0,0,0,0,0
174,2016-08-26 15:01:29.000 MDT,0,0,0,0,0,0,1,0,0,0,0,0,0,0,0,0
175,2016-08-26 15:03:29.000 MDT,1,0,0,0,0,0,0,0,0,0,0,0,0,0,0,0
176,2016-08-26 15:05:00.000 MDT,1,0,0,0,0,0,0,0,0,0,0,0,0,0,0,0
177,2016-08-26 15:12:00.000 MDT,1,0,0,0,0,0,0,0,0,0,0,0,0,0,0,0
178,2016-08-26 15:13:22.000 MDT,0,0,1,0,0,0,0,0,0,0,0,0,0,0,0,0
179,2016-08-26 15:14:08.000 MDT,0,1,0,0,0,0,0,0,0,0,0,0,0,0,0,0
180,2016-08-26 15:19:27.000 MDT,0,0,1,0,0,0,0,0,0,0,0,0,0,0,0,0
181,2016-08-26 15:25:35.000 MDT,1,0,0,0,0,0,0,0,0,0,0,0,0,0,0,0
182,2016-08-26 15:50:58.000 MDT,0,0,1,0,0,0,0,0,0,0,0,0,0,0,0,0
183,2016-08-26 15:59:03.000 MDT,0,1,0,0,0,0,0,0,0,0,0,0,0,0,0,0
184,2016-08-26 16:05:26.000 MDT,0,0,1,0,0,0,0,0,0,0,0,0,0,0,0,0
185,2016-08-26 16:08:53.000 MDT,0,1,0,0,0,0,0,0,0,0,0,0,0,0,0,0
186,2016-08-26 16:13:35.000 MDT,0,0,1,0,0,0,0,0,0,0,0,0,0,0,0,0
187,2016-08-26 16:16:22.000 MDT,0,0,1,0,0,0,0,0,0,0,0,0,0,0,0,0
188,2016-08-26 16:18:55.000 MDT,0,0,1,0,0,0,0,0,0,0,0,0,0,0,0,0
189,2016-08-26 16:28:00.000 MDT,0,0,1,0,0,0,0,0,0,0,0,0,0,0,0,0
190,2016-08-26 16:33:35.000 MDT,0,1,0,0,0,0,0,0,0,0,0,0,0,0,0,0
191,2016-08-26 16:35:25.000 MDT,1,0,0,0,0,0,0,0,0,0,0,0,0,0,0,0
192,2016-08-26 16:36:06.000 MDT,0,1,0,0,0,0,0,0,0,0,0,0,0,0,0,0
193,2016-08-26 16:57:21.000 MDT,0,1,0,0,0,0,0,0,0,0,0,0,0,0,0,0
194,2016-08-26 17:11:48.000 MDT,0,0,1,0,0,0,0,0,0,0,0,0,0,0,0,0
195,2016-08-26 17:15:57.000 MDT,0,0,1,0,0,0,0,0,0,0,0,0,0,0,0,0
196,2016-08-26 17:24:44.000 MDT,0,0,1,0,0,0,0,0,0,0,0,0,0,0,0,0
197,2016-08-26 17:27:30.000 MDT,0,1,0,0,0,0,0,0,0,0,0,0,0,0,0,0
198,2016-08-26 17:34:39.000 MDT,0,0,1,0,0,0,0,0,0,0,0,0,0,0,0,0
199,2016-08-26 17:37:12.000 MDT,1,0,0,0,0,0,0,0,0,0,0,0,0,0,0,0
200,2016-08-26 17:40:03.000 MDT,0,1,0,0,0,0,0,0,0,0,0,0,0,0,0,0
201,2016-08-26 17:41:13.000 MDT,0,1,0,0,0,0,0,0,0,0,0,0,0,0,0,0
202,2016-08-26 17:43:01.000 MDT,0,0,0,0,1,0,0,0,0,0,0,0,0,0,0,0
203,2016-08-26 17:59:58.000 MDT,0,0,0,1,0,0,0,0,0,0,0,0,0,0,0,0
204,2016-08-26 18:00:35.000 MDT,0,1,0,0,0,0,0,0,0,0,0,0,0,0,0,0
205,2016-08-26 18:10:05.000 MDT,0,0,0,1,0,0,0,0,0,0,0,0,0,0,0,0
206,2016-08-26 18:11:22.000 MDT,0,0,1,0,0,0,0,0,0,0,0,0,0,0,0,0
207,2016-08-26 18:13:16.000 MDT,0,0,1,0,0,0,0,0,0,0,0,0,0,0,0,0
208,2016-08-26 18:20:17.000 MDT,0,0,0,0,0,1,0,0,0,0,0,0,0,0,0,0
209,2016-08-26 18:27:19.000 MDT,0,0,0,0,1,0,0,0,0,0,0,0,0,0,0,0
210,2016-08-26 18:38:30.000 MDT,0,0,0,1,0,0,0,0,0,0,0,0,0,0,0,0
211,2016-08-26 18:38:51.000 MDT,0,0,0,1,0,0,0,0,0,0,0,0,0,0,0,0
212,2016-08-26 18:40:26.000 MDT,0,0,0,1,0,0,0,0,0,0,0,0,0,0,0,0
213,2016-08-26 18:44:44.000 MDT,1,0,0,0,0,0,0,0,0,0,0,0,0,0,0,0
214,2016-08-26 18:44:47.000 MDT,0,1,0,0,0,0,0,0,0,0,0,0,0,0,0,0
215,2016-08-26 19:18:40.000 MDT,0,0,0,0,0,0,1,0,0,0,0,0,0,0,0,0
216,2016-08-26 19:29:09.000 MDT,1,0,0,0,0,0,0,0,0,0,0,0,0,0,0,0
217,2016-08-26 19:31:55.000 MDT,0,0,0,0,0,1,0,0,0,0,0,0,0,0,0,0
218,2016-08-26 19:35:38.000 MDT,0,0,0,0,1,0,0,0,0,0,0,0,0,0,0,0
219,2016-08-26 19:48:27.000 MDT,0,1,0,0,0,0,0,0,0,0,0,0,0,0,0,0
220,2016-08-26 19:50:49.000 MDT,0,0,1,0,0,0,0,0,0,0,0,0,0,0,0,0
221,2016-08-26 19:52:14.000 MDT,0,0,1,0,0,0,0,0,0,0,0,0,0,0,0,0
222,2016-08-26 19:55:34.000 MDT,1,0,0,0,0,0,0,0,0,0,0,0,0,0,0,0
223,2016-08-26 19:58:00.000 MDT,0,0,0,0,1,0,0,0,0,0,0,0,0,0,0,0
224,2016-08-26 20:32:06.000 MDT,1,0,0,0,0,0,0,0,0,0,0,0,0,0,0,0
225,2016-08-26 20:41:42.000 MDT,0,0,0,0,0,0,1,0,0,0,0,0,0,0,0,0
226,2016-08-26 20:47:57.000 MDT,0,1,0,0,0,0,0,0,0,0,0,0,0,0,0,0
227,2016-08-26 20:48:44.000 MDT,1,0,0,0,0,0,0,0,0,0,0,0,0,0,0,0
228,2016-08-26 20:51:31.000 MDT,0,1,0,0,0,0,0,0,0,0,0,0,0,0,0,0
229,2016-08-26 21:09:41.000 MDT,1,0,0,0,0,0,0,0,0,0,0,0,0,0,0,0
230,2016-08-26 21:19:01.000 MDT,0,0,1,0,0,0,0,0,0,0,0,0,0,0,0,0
231,2016-08-26 21:21:52.000 MDT,0,1,0,0,0,0,0,0,0,0,0,0,0,0,0,0
232,2016-08-26 21:32:12.000 MDT,0,1,0,0,0,0,0,0,0,0,0,0,0,0,0,0
233,2016-08-26 21:33:47.000 MDT,0,1,0,0,0,0,0,0,0,0,0,0,0,0,0,0
234,2016-08-26 21:40:05.000 MDT,0,0,1,0,0,0,0,0,0,0,0,0,0,0,0,0
235,2016-08-26 21:45:08.000 MDT,0,1,0,0,0,0,0,0,0,0,0,0,0,0,0,0
236,2016-08-26 21:47:19.000 MDT,1,0,0,0,0,0,0,0,0,0,0,0,0,0,0,0
237,2016-08-26 21:48:37.000 MDT,0,0,1,0,0,0,0,0,0,0,0,0,0,0,0,0
238,2016-08-26 21:53:39.000 MDT,0,1,0,0,0,0,0,0,0,0,0,0,0,0,0,0
239,2016-08-26 21:58:56.000 MDT,1,0,0,0,0,0,0,0,0,0,0,0,0,0,0,0
240,2016-08-26 22:02:57.000 MDT,0,0,1,0,0,0,0,0,0,0,0,0,0,0,0,0
241,2016-08-26 22:06:41.000 MDT,0,1,0,0,0,0,0,0,0,0,0,0,0,0,0,0
242,2016-08-26 22:13:39.000 MDT,1,0,0,0,0,0,0,0,0,0,0,0,0,0,0,0
243,2016-08-26 22:19:09.000 MDT,0,0,0,0,1,0,0,0,0,0,0,0,0,0,0,0
244,2016-08-26 22:19:59.000 MDT,1,0,0,0,0,0,0,0,0,0,0,0,0,0,0,0
245,2016-08-26 22:27:34.000 MDT,0,1,0,0,0,0,0,0,0,0,0,0,0,0,0,0
246,2016-08-26 22:28:44.000 MDT,0,1,0,0,0,0,0,0,0,0,0,0,0,0,0,0
247,2016-08-26 22:33:28.000 MDT,0,0,1,0,0,0,0,0,0,0,0,0,0,0,0,0
248,2016-08-26 22:36:43.000 MDT,0,0,1,0,0,0,0,0,0,0,0,0,0,0,0,0
249,2016-08-26 22:38:35.000 MDT,0,0,1,0,0,0,0,0,0,0,0,0,0,0,0,0
250,2016-08-26 22:45:50.000 MDT,1,0,0,0,0,0,0,0,0,0,0,0,0,0,0,0
251,2016-08-26 22:59:31.000 MDT,0,0,0,0,1,0,0,0,0,0,0,0,0,0,0,0
252,2016-08-26 23:11:47.000 MDT,0,1,0,0,0,0,0,0,0,0,0,0,0,0,0,0
253,2016-08-26 23:13:50.000 MDT,0,0,0,1,0,0,0,0,0,0,0,0,0,0,0,0
254,2016-08-26 23:19:07.000 MDT,0,0,1,0,0,0,0,0,0,0,0,0,0,0,0,0
255,2016-08-26 23:19:10.000 MDT,0,0,0,0,1,0,0,0,0,0,0,0,0,0,0,0
256,2016-08-26 23:34:38.000 MDT,1,0,0,0,0,0,0,0,0,0,0,0,0,0,0,0
257,2016-08-26 23:35:14.000 MDT,0,1,0,0,0,0,0,0,0,0,0,0,0,0,0,0
258,2016-08-26 23:35:25.000 MDT,1,0,0,0,0,0,0,0,0,0,0,0,0,0,0,0
259,2016-08-26 23:55:39.000 MDT,0,1,0,0,0,0,0,0,0,0,0,0,0,0,0,0
260,2016-08-26 23:56:59.000 MDT,0,1,0,0,0,0,0,0,0,0,0,0,0,0,0,0
261,2016-08-27 00:00:37.000 MDT,0,0,0,0,0,1,0,0,0,0,0,0,0,0,0,0
262,2016-08-27 00:07:45.000 MDT,0,0,1,0,0,0,0,0,0,0,0,0,0,0,0,0
263,2016-08-27 00:11:27.000 MDT,0,0,0,1,0,0,0,0,0,0,0,0,0,0,0,0
264,2016-08-27 00:14:44.000 MDT,0,1,0,0,0,0,0,0,0,0,0,0,0,0,0,0
265,2016-08-27 00:23:14.000 MDT,0,1,0,0,0,0,0,0,0,0,0,0,0,0,0,0
266,2016-08-27 00:30:18.000 MDT,1,0,0,0,0,0,0,0,0,0,0,0,0,0,0,0
267,2016-08-27 00:31:06.000 MDT,0,0,1,0,0,0,0,0,0,0,0,0,0,0,0,0
268,2016-08-27 00:59:59.000 MDT,0,0,1,0,0,0,0,0,0,0,0,0,0,0,0,0
269,2016-08-27 01:08:52.000 MDT,0,0,1,0,0,0,0,0,0,0,0,0,0,0,0,0
270,2016-08-27 01:09:46.000 MDT,1,0,0,0,0,0,0,0,0,0,0,0,0,0,0,0
271,2016-08-27 01:18:53.000 MDT,0,1,0,0,0,0,0,0,0,0,0,0,0,0,0,0
272,2016-08-27 01:36:30.000 MDT,1,0,0,0,0,0,0,0,0,0,0,0,0,0,0,0
273,2016-08-27 01:59:50.000 MDT,0,0,1,0,0,0,0,0,0,0,0,0,0,0,0,0
274,2016-08-27 02:02:27.000 MDT,0,0,1,0,0,0,0,0,0,0,0,0,0,0,0,0
275,2016-08-27 02:11:33.000 MDT,0,0,1,0,0,0,0,0,0,0,0,0,0,0,0,0
276,2016-08-27 02:16:23.000 MDT,0,1,0,0,0,0,0,0,0,0,0,0,0,0,0,0
277,2016-08-27 02:20:11.000 MDT,0,1,0,0,0,0,0,0,0,0,0,0,0,0,0,0
278,2016-08-27 02:24:25.000 MDT,0,0,0,0,0,0,1,0,0,0,0,0,0,0,0,0
279,2016-08-27 02:29:44.000 MDT,0,1,0,0,0,0,0,0,0,0,0,0,0,0,0,0
280,2016-08-27 02:36:03.000 MDT,1,0,0,0,0,0,0,0,0,0,0,0,0,0,0,0
281,2016-08-27 02:38:01.000 MDT,1,0,0,0,0,0,0,0,0,0,0,0,0,0,0,0
282,2016-08-27 02:43:43.000 MDT,0,0,1,0,0,0,0,0,0,0,0,0,0,0,0,0
283,2016-08-27 02:49:37.000 MDT,0,0,1,0,0,0,0,0,0,0,0,0,0,0,0,0
284,2016-08-27 02:58:27.000 MDT,0,1,0,0,0,0,0,0,0,0,0,0,0,0,0,0
285,2016-08-27 02:59:00.000 MDT,0,0,1,0,0,0,0,0,0,0,0,0,0,0,0,0
286,2016-08-27 03:07:10.000 MDT,0,0,0,1,0,0,0,0,0,0,0,0,0,0,0,0
287,2016-08-27 03:07:32.000 MDT,0,1,0,0,0,0,0,0,0,0,0,0,0,0,0,0
288,2016-08-27 03:09:13.000 MDT,0,0,0,0,0,0,0,0,1,0,0,0,0,0,0,0
289,2016-08-27 03:13:21.000 MDT,0,1,0,0,0,0,0,0,0,0,0,0,0,0,0,0
290,2016-08-27 03:40:52.000 MDT,1,0,0,0,0,0,0,0,0,0,0,0,0,0,0,0
291,2016-08-27 03:49:33.000 MDT,0,0,1,0,0,0,0,0,0,0,0,0,0,0,0,0
292,2016-08-27 04:09:28.000 MDT,0,1,0,0,0,0,0,0,0,0,0,0,0,0,0,0
293,2016-08-27 04:11:10.000 MDT,0,1,0,0,0,0,0,0,0,0,0,0,0,0,0,0
294,2016-08-27 04:16:24.000 MDT,0,0,1,0,0,0,0,0,0,0,0,0,0,0,0,0
295,2016-08-27 04:26:47.000 MDT,0,0,1,0,0,0,0,0,0,0,0,0,0,0,0,0
296,2016-08-27 04:33:23.000 MDT,0,0,0,0,1,0,0,0,0,0,0,0,0,0,0,0
297,2016-08-27 04:36:56.000 MDT,0,1,0,0,0,0,0,0,0,0,0,0,0,0,0,0
298,2016-08-27 04:51:54.000 MDT,0,1,0,0,0,0,0,0,0,0,0,0,0,0,0,0
299,2016-08-27 05:00:53.000 MDT,1,0,0,0,0,0,0,0,0,0,0,0,0,0,0,0
300,2016-08-27 05:02:26.000 MDT,0,1,0,0,0,0,0,0,0,0,0,0,0,0,0,0
301,2016-08-27 05:06:51.000 MDT,1,0,0,0,0,0,0,0,0,0,0,0,0,0,0,0
302,2016-08-27 05:14:33.000 MDT,1,0,0,0,0,0,0,0,0,0,0,0,0,0,0,0
303,2016-08-27 05:23:28.000 MDT,0,0,1,0,0,0,0,0,0,0,0,0,0,0,0,0
304,2016-08-27 05:38:28.000 MDT,1,0,0,0,0,0,0,0,0,0,0,0,0,0,0,0
305,2016-08-27 05:39:14.000 MDT,0,1,0,0,0,0,0,0,0,0,0,0,0,0,0,0
306,2016-08-27 05:42:41.000 MDT,0,0,0,1,0,0,0,0,0,0,0,0,0,0,0,0
307,2016-08-27 05:44:27.000 MDT,0,1,0,0,0,0,0,0,0,0,0,0,0,0,0,0
308,2016-08-27 05:54:56.000 MDT,0,0,1,0,0,0,0,0,0,0,0,0,0,0,0,0
309,2016-08-27 05:56:41.000 MDT,0,0,1,0,0,0,0,0,0,0,0,0,0,0,0,0
310,2016-08-27 06:16:34.000 MDT,1,0,0,0,0,0,0,0,0,0,0,0,0,0,0,0
311,2016-08-27 06:23:09.000 MDT,1,0,0,0,0,0,0,0,0,0,0,0,0,0,0,0
312,2016-08-27 06:39:14.000 MDT,0,1,0,0,0,0,0,0,0,0,0,0,0,0,0,0
313,2016-08-27 06:52:39.000 MDT,1,0,0,0,0,0,0,0,0,0,0,0,0,0,0,0
314,2016-08-27 06:59:08.000 MDT,0,0,1,0,0,0,0,0,0,0,0,0,0,0,0,0
315,2016-08-27 07:11:06.000 MDT,1,0,0,0,0,0,0,0,0,0,0,0,0,0,0,0
316,2016-08-27 07:26:42.000 MDT,0,0,0,0,0,0,0,0,0,1,0,0,0,0,0,0
317,2016-08-27 07:28:49.000 MDT,0,1,0,0,0,0,0,0,0,0,0,0,0,0,0,0
318,2016-08-27 07:32:50.000 MDT,0,0,1,0,0,0,0,0,0,0,0,0,0,0,0,0
319,2016-08-27 07:38:48.000 MDT,0,0,1,0,0,0,0,0,0,0,0,0,0,0,0,0
320,2016-08-27 07:45:55.000 MDT,0,0,1,0,0,0,0,0,0,0,0,0,0,0,0,0
321,2016-08-27 07:47:12.000 MDT,0,1,0,0,0,0,0,0,0,0,0,0,0,0,0,0
322,2016-08-27 07:47:57.000 MDT,0,1,0,0,0,0,0,0,0,0,0,0,0,0,0,0
323,2016-08-27 08:03:58.000 MDT,0,1,0,0,0,0,0,0,0,0,0,0,0,0,0,0
324,2016-08-27 08:06:00.000 MDT,0,0,1,0,0,0,0,0,0,0,0,0,0,0,0,0
325,2016-08-27 08:20:46.000 MDT,0,0,1,0,0,0,0,0,0,0,0,0,0,0,0,0
326,2016-08-27 08:21:35.000 MDT,0,0,1,0,0,0,0,0,0,0,0,0,0,0,0,0
327,2016-08-27 08:31:47.000 MDT,0,0,1,0,0,0,0,0,0,0,0,0,0,0,0,0
328,2016-08-27 08:45:35.000 MDT,0,0,1,0,0,0,0,0,0,0,0,0,0,0,0,0
329,2016-08-27 08:47:10.000 MDT,0,1,0,0,0,0,0,0,0,0,0,0,0,0,0,0
330,2016-08-27 08:52:55.000 MDT,0,0,0,1,0,0,0,0,0,0,0,0,0,0,0,0
331,2016-08-27 08:57:45.000 MDT,1,0,0,0,0,0,0,0,0,0,0,0,0,0,0,0
332,2016-08-27 08:59:40.000 MDT,0,0,0,0,1,0,0,0,0,0,0,0,0,0,0,0
333,2016-08-27 09:00:17.000 MDT,0,1,0,0,0,0,0,0,0,0,0,0,0,0,0,0
334,2016-08-27 09:01:45.000 MDT,1,0,0,0,0,0,0,0,0,0,0,0,0,0,0,0
335,2016-08-27 09:12:44.000 MDT,0,1,0,0,0,0,0,0,0,0,0,0,0,0,0,0
336,2016-08-27 09:14:17.000 MDT,0,1,0,0,0,0,0,0,0,0,0,0,0,0,0,0
337,2016-08-27 09:19:24.000 MDT,0,0,1,0,0,0,0,0,0,0,0,0,0,0,0,0
338,2016-08-27 09:23:03.000 MDT,0,0,1,0,0,0,0,0,0,0,0,0,0,0,0,0
339,2016-08-27 09:24:49.000 MDT,0,1,0,0,0,0,0,0,0,0,0,0,0,0,0,0
340,2016-08-27 09:34:34.000 MDT,0,0,0,0,0,1,0,0,0,0,0,0,0,0,0,0
341,2016-08-27 09:37:29.000 MDT,0,1,0,0,0,0,0,0,0,0,0,0,0,0,0,0
342,2016-08-27 09:50:41.000 MDT,0,1,0,0,0,0,0,0,0,0,0,0,0,0,0,0
343,2016-08-27 10:04:08.000 MDT,0,0,0,0,0,0,1,0,0,0,0,0,0,0,0,0
344,2016-08-27 10:05:55.000 MDT,0,1,0,0,0,0,0,0,0,0,0,0,0,0,0,0
345,2016-08-27 10:11:34.000 MDT,0,0,0,1,0,0,0,0,0,0,0,0,0,0,0,0
346,2016-08-27 10:15:16.000 MDT,0,0,0,1,0,0,0,0,0,0,0,0,0,0,0,0
347,2016-08-27 10:20:23.000 MDT,0,0,1,0,0,0,0,0,0,0,0,0,0,0,0,0
348,2016-08-27 10:25:55.000 MDT,1,0,0,0,0,0,0,0,0,0,0,0,0,0,0,0
349,2016-08-27 10:37:18.000 MDT,0,1,0,0,0,0,0,0,0,0,0,0,0,0,0,0
350,2016-08-27 10:41:28.000 MDT,0,0,0,0,0,1,0,0,0,0,0,0,0,0,0,0
351,2016-08-27 10:52:11.000 MDT,0,0,1,0,0,0,0,0,0,0,0,0,0,0,0,0
352,2016-08-27 10:54:06.000 MDT,0,0,1,0,0,0,0,0,0,0,0,0,0,0,0,0
353,2016-08-27 10:56:02.000 MDT,0,0,1,0,0,0,0,0,0,0,0,0,0,0,0,0
354,2016-08-27 11:06:45.000 MDT,0,1,0,0,0,0,0,0,0,0,0,0,0,0,0,0
355,2016-08-27 11:08:24.000 MDT,0,0,1,0,0,0,0,0,0,0,0,0,0,0,0,0
356,2016-08-27 11:17:14.000 MDT,0,0,1,0,0,0,0,0,0,0,0,0,0,0,0,0
357,2016-08-27 11:23:09.000 MDT,0,1,0,0,0,0,0,0,0,0,0,0,0,0,0,0
358,2016-08-27 11:23:23.000 MDT,0,1,0,0,0,0,0,0,0,0,0,0,0,0,0,0
359,2016-08-27 11:30:13.000 MDT,1,0,0,0,0,0,0,0,0,0,0,0,0,0,0,0
360,2016-08-27 11:32:02.000 MDT,0,1,0,0,0,0,0,0,0,0,0,0,0,0,0,0
361,2016-08-27 11:33:29.000 MDT,0,0,1,0,0,0,0,0,0,0,0,0,0,0,0,0
362,2016-08-27 11:53:46.000 MDT,0,0,1,0,0,0,0,0,0,0,0,0,0,0,0,0
363,2016-08-27 11:53:47.000 MDT,0,1,0,0,0,0,0,0,0,0,0,0,0,0,0,0
364,2016-08-27 11:56:10.000 MDT,0,1,0,0,0,0,0,0,0,0,0,0,0,0,0,0
365,2016-08-27 12:04:52.000 MDT,0,0,1,0,0,0,0,0,0,0,0,0,0,0,0,0
366,2016-08-27 12:09:10.000 MDT,0,0,1,0,0,0,0,0,0,0,0,0,0,0,0,0
367,2016-08-27 12:14:18.000 MDT,0,0,0,1,0,0,0,0,0,0,0,0,0,0,0,0
368,2016-08-27 12:24:50.000 MDT,1,0,0,0,0,0,0,0,0,0,0,0,0,0,0,0
369,2016-08-27 12:29:21.000 MDT,0,0,0,0,0,1,0,0,0,0,0,0,0,0,0,0
370,2016-08-27 12:32:36.000 MDT,0,0,1,0,0,0,0,0,0,0,0,0,0,0,0,0
371,2016-08-27 12:40:06.000 MDT,0,0,1,0,0,0,0,0,0,0,0,0,0,0,0,0
372,2016-08-27 12:40:15.000 MDT,0,0,1,0,0,0,0,0,0,0,0,0,0,0,0,0
373,2016-08-27 12:48:19.000 MDT,0,1,0,0,0,0,0,0,0,0,0,0,0,0,0,0
374,2016-08-27 12:51:26.000 MDT,0,0,0,0,0,1,0,0,0,0,0,0,0,0,0,0
375,2016-08-27 12:53:37.000 MDT,1,0,0,0,0,0,0,0,0,0,0,0,0,0,0,0
376,2016-08-27 12:59:04.000 MDT,0,1,0,0,0,0,0,0,0,0,0,0,0,0,0,0
377,2016-08-27 13:01:07.000 MDT,0,0,1,0,0,0,0,0,0,0,0,0,0,0,0,0
378,2016-08-27 13:06:38.000 MDT,0,1,0,0,0,0,0,0,0,0,0,0,0,0,0,0
379,2016-08-27 13:19:49.000 MDT,0,1,0,0,0,0,0,0,0,0,0,0,0,0,0,0
380,2016-08-27 13:25:10.000 MDT,0,0,1,0,0,0,0,0,0,0,0,0,0,0,0,0
381,2016-08-27 13:36:40.000 MDT,0,1,0,0,0,0,0,0,0,0,0,0,0,0,0,0
382,2016-08-27 13:45:18.000 MDT,0,1,0,0,0,0,0,0,0,0,0,0,0,0,0,0
383,2016-08-27 13:56:29.000 MDT,0,0,1,0,0,0,0,0,0,0,0,0,0,0,0,0
384,2016-08-27 14:00:29.000 MDT,0,0,1,0,0,0,0,0,0,0,0,0,0,0,0,0
385,2016-08-27 14:01:09.000 MDT,0,1,0,0,0,0,0,0,0,0,0,0,0,0,0,0
386,2016-08-27 14:04:55.000 MDT,0,0,1,0,0,0,0,0,0,0,0,0,0,0,0,0
387,2016-08-27 14:07:08.000 MDT,1,0,0,0,0,0,0,0,0,0,0,0,0,0,0,0
388,2016-08-27 14:15:45.000 MDT,0,0,1,0,0,0,0,0,0,0,0,0,0,0,0,0
389,2016-08-27 14:19:28.000 MDT,0,0,1,0,0,0,0,0,0,0,0,0,0,0,0,0
390,2016-08-27 14:20:07.000 MDT,1,0,0,0,0,0,0,0,0,0,0,0,0,0,0,0
391,2016-08-27 14:20:10.000 MDT,1,0,0,0,0,0,0,0,0,0,0,0,0,0,0,0
392,2016-08-27 14:23:27.000 MDT,0,1,0,0,0,0,0,0,0,0,0,0,0,0,0,0
393,2016-08-27 14:51:56.000 MDT,0,0,1,0,0,0,0,0,0,0,0,0,0,0,0,0
394,2016-08-27 14:53:46.000 MDT,0,1,0,0,0,0,0,0,0,0,0,0,0,0,0,0
395,2016-08-27 14:53:48.000 MDT,1,0,0,0,0,0,0,0,0,0,0,0,0,0,0,0
396,2016-08-27 14:56:18.000 MDT,0,0,1,0,0,0,0,0,0,0,0,0,0,0,0,0
397,2016-08-27 15:08:54.000 MDT,0,0,0,1,0,0,0,0,0,0,0,0,0,0,0,0
398,2016-08-27 15:09:54.000 MDT,0,1,0,0,0,0,0,0,0,0,0,0,0,0,0,0
399,2016-08-27 15:12:45.000 MDT,0,0,0,0,1,0,0,0,0,0,0,0,0,0,0,0
400,2016-08-27 15:25:46.000 MDT,1,0,0,0,0,0,0,0,0,0,0,0,0,0,0,0
401,2016-08-27 15:37:54.000 MDT,0,1,0,0,0,0,0,0,0,0,0,0,0,0,0,0
402,2016-08-27 15:58:59.000 MDT,0,1,0,0,0,0,0,0,0,0,0,0,0,0,0,0
403,2016-08-27 16:00:00.000 MDT,0,0,1,0,0,0,0,0,0,0,0,0,0,0,0,0
404,2016-08-27 16:10:35.000 MDT,0,1,0,0,0,0,0,0,0,0,0,0,0,0,0,0
405,2016-08-27 16:16:56.000 MDT,0,0,0,0,1,0,0,0,0,0,0,0,0,0,0,0
406,2016-08-27 16:18:16.000 MDT,0,0,1,0,0,0,0,0,0,0,0,0,0,0,0,0
407,2016-08-27 16:20:39.000 MDT,0,1,0,0,0,0,0,0,0,0,0,0,0,0,0,0
408,2016-08-27 16:26:27.000 MDT,1,0,0,0,0,0,0,0,0,0,0,0,0,0,0,0
409,2016-08-27 16:27:28.000 MDT,0,0,1,0,0,0,0,0,0,0,0,0,0,0,0,0
410,2016-08-27 16:32:12.000 MDT,0,0,1,0,0,0,0,0,0,0,0,0,0,0,0,0
411,2016-08-27 16:36:32.000 MDT,1,0,0,0,0,0,0,0,0,0,0,0,0,0,0,0
412,2016-08-27 16:39:33.000 MDT,0,0,1,0,0,0,0,0,0,0,0,0,0,0,0,0
413,2016-08-27 16:49:39.000 MDT,0,0,0,0,0,0,1,0,0,0,0,0,0,0,0,0
414,2016-08-27 16:56:30.000 MDT,0,1,0,0,0,0,0,0,0,0,0,0,0,0,0,0
415,2016-08-27 17:16:07.000 MDT,1,0,0,0,0,0,0,0,0,0,0,0,0,0,0,0
416,2016-08-27 17:21:32.000 MDT,0,1,0,0,0,0,0,0,0,0,0,0,0,0,0,0
417,2016-08-27 17:22:38.000 MDT,0,0,0,0,0,1,0,0,0,0,0,0,0,0,0,0
418,2016-08-27 17:22:52.000 MDT,0,1,0,0,0,0,0,0,0,0,0,0,0,0,0,0
419,2016-08-27 17:24:49.000 MDT,0,1,0,0,0,0,0,0,0,0,0,0,0,0,0,0
420,2016-08-27 17:27:19.000 MDT,0,1,0,0,0,0,0,0,0,0,0,0,0,0,0,0
421,2016-08-27 17:29:12.000 MDT,0,0,0,0,0,0,1,0,0,0,0,0,0,0,0,0
422,2016-08-27 17:32:02.000 MDT,1,0,0,0,0,0,0,0,0,0,0,0,0,0,0,0
423,2016-08-27 17:41:00.000 MDT,1,0,0,0,0,0,0,0,0,0,0,0,0,0,0,0
424,2016-08-27 17:59:38.000 MDT,0,0,0,0,0,0,1,0,0,0,0,0,0,0,0,0
425,2016-08-27 18:04:56.000 MDT,1,0,0,0,0,0,0,0,0,0,0,0,0,0,0,0
426,2016-08-27 18:10:47.000 MDT,0,0,1,0,0,0,0,0,0,0,0,0,0,0,0,0
427,2016-08-27 18:22:51.000 MDT,0,1,0,0,0,0,0,0,0,0,0,0,0,0,0,0
428,2016-08-27 18:47:35.000 MDT,0,1,0,0,0,0,0,0,0,0,0,0,0,0,0,0
429,2016-08-27 18:48:50.000 MDT,0,0,1,0,0,0,0,0,0,0,0,0,0,0,0,0
430,2016-08-27 19:16:54.000 MDT,0,0,1,0,0,0,0,0,0,0,0,0,0,0,0,0
431,2016-08-27 19:30:01.000 MDT,1,0,0,0,0,0,0,0,0,0,0,0,0,0,0,0
432,2016-08-27 19:32:19.000 MDT,0,1,0,0,0,0,0,0,0,0,0,0,0,0,0,0
433,2016-08-27 19:33:19.000 MDT,1,0,0,0,0,0,0,0,0,0,0,0,0,0,0,0
434,2016-08-27 19:42:41.000 MDT,0,0,1,0,0,0,0,0,0,0,0,0,0,0,0,0
435,2016-08-27 19:49:00.000 MDT,1,0,0,0,0,0,0,0,0,0,0,0,0,0,0,0
436,2016-08-27 19:51:27.000 MDT,0,0,0,1,0,0,0,0,0,0,0,0,0,0,0,0
437,2016-08-27 19:53:30.000 MDT,1,0,0,0,0,0,0,0,0,0,0,0,0,0,0,0
438,2016-08-27 19:55:38.000 MDT,0,0,1,0,0,0,0,0,0,0,0,0,0,0,0,0
439,2016-08-27 20:08:02.000 MDT,1,0,0,0,0,0,0,0,0,0,0,0,0,0,0,0
440,2016-08-27 20:17:30.000 MDT,0,0,1,0,0,0,0,0,0,0,0,0,0,0,0,0
441,2016-08-27 20:19:00.000 MDT,0,0,1,0,0,0,0,0,0,0,0,0,0,0,0,0
442,2016-08-27 20:31:50.000 MDT,0,0,0,0,0,0,1,0,0,0,0,0,0,0,0,0
443,2016-08-27 20:34:18.000 MDT,0,1,0,0,0,0,0,0,0,0,0,0,0,0,0,0
444,2016-08-27 20:34:51.000 MDT,1,0,0,0,0,0,0,0,0,0,0,0,0,0,0,0
445,2016-08-27 20:35:24.000 MDT,0,1,0,0,0,0,0,0,0,0,0,0,0,0,0,0
446,2016-08-27 20:39:03.000 MDT,0,1,0,0,0,0,0,0,0,0,0,0,0,0,0,0
447,2016-08-27 20:40:48.000 MDT,0,1,0,0,0,0,0,0,0,0,0,0,0,0,0,0
448,2016-08-27 20:46:23.000 MDT,0,0,0,1,0,0,0,0,0,0,0,0,0,0,0,0
449,2016-08-27 20:54:45.000 MDT,0,0,1,0,0,0,0,0,0,0,0,0,0,0,0,0
450,2016-08-27 21:10:43.000 MDT,0,0,0,0,0,1,0,0,0,0,0,0,0,0,0,0
451,2016-08-27 21:11:31.000 MDT,1,0,0,0,0,0,0,0,0,0,0,0,0,0,0,0
452,2016-08-27 21:15:41.000 MDT,0,0,0,1,0,0,0,0,0,0,0,0,0,0,0,0
453,2016-08-27 21:27:54.000 MDT,0,1,0,0,0,0,0,0,0,0,0,0,0,0,0,0
454,2016-08-27 21:30:19.000 MDT,0,0,1,0,0,0,0,0,0,0,0,0,0,0,0,0
455,2016-08-27 21:30:30.000 MDT,0,0,1,0,0,0,0,0,0,0,0,0,0,0,0,0
456,2016-08-27 21:59:04.000 MDT,0,0,1,0,0,0,0,0,0,0,0,0,0,0,0,0
457,2016-08-27 22:05:51.000 MDT,0,1,0,0,0,0,0,0,0,0,0,0,0,0,0,0
458,2016-08-27 22:08:29.000 MDT,0,0,1,0,0,0,0,0,0,0,0,0,0,0,0,0
459,2016-08-27 22:13:49.000 MDT,0,0,1,0,0,0,0,0,0,0,0,0,0,0,0,0
460,2016-08-27 22:20:40.000 MDT,1,0,0,0,0,0,0,0,0,0,0,0,0,0,0,0
461,2016-08-27 22:38:44.000 MDT,0,1,0,0,0,0,0,0,0,0,0,0,0,0,0,0
462,2016-08-27 22:47:49.000 MDT,1,0,0,0,0,0,0,0,0,0,0,0,0,0,0,0
463,2016-08-27 22:54:44.000 MDT,0,0,1,0,0,0,0,0,0,0,0,0,0,0,0,0
464,2016-08-27 23:02:58.000 MDT,0,0,1,0,0,0,0,0,0,0,0,0,0,0,0,0
465,2016-08-27 23:04:23.000 MDT,1,0,0,0,0,0,0,0,0,0,0,0,0,0,0,0
466,2016-08-27 23:04:34.000 MDT,1,0,0,0,0,0,0,0,0,0,0,0,0,0,0,0
467,2016-08-27 23:07:26.000 MDT,1,0,0,0,0,0,0,0,0,0,0,0,0,0,0,0
468,2016-08-27 23:14:03.000 MDT,0,0,1,0,0,0,0,0,0,0,0,0,0,0,0,0
469,2016-08-27 23:16:21.000 MDT,0,0,1,0,0,0,0,0,0,0,0,0,0,0,0,0
470,2016-08-27 23:26:14.000 MDT,1,0,0,0,0,0,0,0,0,0,0,0,0,0,0,0
471,2016-08-27 23:39:48.000 MDT,0,0,1,0,0,0,0,0,0,0,0,0,0,0,0,0
472,2016-08-27 23:40:15.000 MDT,0,0,1,0,0,0,0,0,0,0,0,0,0,0,0,0
473,2016-08-27 23:46:34.000 MDT,1,0,0,0,0,0,0,0,0,0,0,0,0,0,0,0
474,2016-08-27 23:52:13.000 MDT,0,1,0,0,0,0,0,0,0,0,0,0,0,0,0,0
475,2016-08-28 00:02:05.000 MDT,0,0,1,0,0,0,0,0,0,0,0,0,0,0,0,0
476,2016-08-28 00:02:13.000 MDT,0,0,0,1,0,0,0,0,0,0,0,0,0,0,0,0
477,2016-08-28 00:02:32.000 MDT,0,0,0,0,1,0,0,0,0,0,0,0,0,0,0,0
478,2016-08-28 00:03:49.000 MDT,0,1,0,0,0,0,0,0,0,0,0,0,0,0,0,0
479,2016-08-28 00:08:53.000 MDT,1,0,0,0,0,0,0,0,0,0,0,0,0,0,0,0
480,2016-08-28 00:10:01.000 MDT,0,0,0,0,0,0,1,0,0,0,0,0,0,0,0,0
481,2016-08-28 00:12:45.000 MDT,0,1,0,0,0,0,0,0,0,0,0,0,0,0,0,0
482,2016-08-28 00:14:53.000 MDT,1,0,0,0,0,0,0,0,0,0,0,0,0,0,0,0
483,2016-08-28 00:28:51.000 MDT,1,0,0,0,0,0,0,0,0,0,0,0,0,0,0,0
484,2016-08-28 00:29:01.000 MDT,1,0,0,0,0,0,0,0,0,0,0,0,0,0,0,0
485,2016-08-28 00:33:23.000 MDT,0,0,1,0,0,0,0,0,0,0,0,0,0,0,0,0
486,2016-08-28 00:47:59.000 MDT,0,0,1,0,0,0,0,0,0,0,0,0,0,0,0,0
487,2016-08-28 00:57:32.000 MDT,0,0,1,0,0,0,0,0,0,0,0,0,0,0,0,0
488,2016-08-28 00:57:41.000 MDT,0,0,1,0,0,0,0,0,0,0,0,0,0,0,0,0
489,2016-08-28 01:03:10.000 MDT,0,0,1,0,0,0,0,0,0,0,0,0,0,0,0,0
490,2016-08-28 01:04:08.000 MDT,0,0,1,0,0,0,0,0,0,0,0,0,0,0,0,0
491,2016-08-28 01:11:48.000 MDT,0,0,1,0,0,0,0,0,0,0,0,0,0,0,0,0
492,2016-08-28 01:31:17.000 MDT,0,0,1,0,0,0,0,0,0,0,0,0,0,0,0,0
493,2016-08-28 01:47:50.000 MDT,0,0,1,0,0,0,0,0,0,0,0,0,0,0,0,0
494,2016-08-28 01:48:27.000 MDT,0,0,1,0,0,0,0,0,0,0,0,0,0,0,0,0
495,2016-08-28 01:53:22.000 MDT,0,1,0,0,0,0,0,0,0,0,0,0,0,0,0,0
496,2016-08-28 01:54:19.000 MDT,1,0,0,0,0,0,0,0,0,0,0,0,0,0,0,0
497,2016-08-28 02:23:00.000 MDT,0,0,1,0,0,0,0,0,0,0,0,0,0,0,0,0
498,2016-08-28 02:37:26.000 MDT,0,0,1,0,0,0,0,0,0,0,0,0,0,0,0,0
499,2016-08-28 02:37:51.000 MDT,1,0,0,0,0,0,0,0,0,0,0,0,0,0,0,0
500,2016-08-28 02:47:24.000 MDT,0,1,0,0,0,0,0,0,0,0,0,0,0,0,0,0
501,2016-08-28 03:01:21.000 MDT,0,1,0,0,0,0,0,0,0,0,0,0,0,0,0,0
502,2016-08-28 03:06:04.000 MDT,1,0,0,0,0,0,0,0,0,0,0,0,0,0,0,0
503,2016-08-28 03:06:15.000 MDT,0,1,0,0,0,0,0,0,0,0,0,0,0,0,0,0
504,2016-08-28 03:08:53.000 MDT,1,0,0,0,0,0,0,0,0,0,0,0,0,0,0,0
505,2016-08-28 03:16:06.000 MDT,0,0,0,1,0,0,0,0,0,0,0,0,0,0,0,0
506,2016-08-28 03:19:17.000 MDT,0,1,0,0,0,0,0,0,0,0,0,0,0,0,0,0
507,2016-08-28 03:33:55.000 MDT,0,1,0,0,0,0,0,0,0,0,0,0,0,0,0,0
508,2016-08-28 03:38:38.000 MDT,0,1,0,0,0,0,0,0,0,0,0,0,0,0,0,0
509,2016-08-28 03:42:25.000 MDT,0,0,0,0,0,1,0,0,0,0,0,0,0,0,0,0
510,2016-08-28 03:44:09.000 MDT,0,1,0,0,0,0,0,0,0,0,0,0,0,0,0,0
511,2016-08-28 03:48:18.000 MDT,0,0,0,0,0,1,0,0,0,0,0,0,0,0,0,0
512,2016-08-28 03:50:47.000 MDT,0,0,0,0,0,0,1,0,0,0,0,0,0,0,0,0
513,2016-08-28 04:03:46.000 MDT,0,1,0,0,0,0,0,0,0,0,0,0,0,0,0,0
514,2016-08-28 04:25:47.000 MDT,0,0,0,1,0,0,0,0,0,0,0,0,0,0,0,0
515,2016-08-28 04:25:52.000 MDT,0,0,1,0,0,0,0,0,0,0,0,0,0,0,0,0
516,2016-08-28 04:31:37.000 MDT,0,1,0,0,0,0,0,0,0,0,0,0,0,0,0,0
517,2016-08-28 04:32:58.000 MDT,0,1,0,0,0,0,0,0,0,0,0,0,0,0,0,0
518,2016-08-28 04:45:06.000 MDT,0,0,0,0,0,0,1,0,0,0,0,0,0,0,0,0
519,2016-08-28 04:50:39.000 MDT,0,1,0,0,0,0,0,0,0,0,0,0,0,0,0,0
520,2016-08-28 04:53:29.000 MDT,1,0,0,0,0,0,0,0,0,0,0,0,0,0,0,0
521,2016-08-28 04:55:02.000 MDT,0,0,1,0,0,0,0,0,0,0,0,0,0,0,0,0
522,2016-08-28 05:05:43.000 MDT,0,0,1,0,0,0,0,0,0,0,0,0,0,0,0,0
523,2016-08-28 05:07:22.000 MDT,1,0,0,0,0,0,0,0,0,0,0,0,0,0,0,0
524,2016-08-28 05:07:57.000 MDT,0,1,0,0,0,0,0,0,0,0,0,0,0,0,0,0
525,2016-08-28 05:11:38.000 MDT,0,0,1,0,0,0,0,0,0,0,0,0,0,0,0,0
526,2016-08-28 05:38:34.000 MDT,0,1,0,0,0,0,0,0,0,0,0,0,0,0,0,0
527,2016-08-28 05:43:48.000 MDT,0,1,0,0,0,0,0,0,0,0,0,0,0,0,0,0
528,2016-08-28 05:47:27.000 MDT,1,0,0,0,0,0,0,0,0,0,0,0,0,0,0,0
529,2016-08-28 05:54:52.000 MDT,0,0,0,0,1,0,0,0,0,0,0,0,0,0,0,0
530,2016-08-28 06:02:45.000 MDT,1,0,0,0,0,0,0,0,0,0,0,0,0,0,0,0
531,2016-08-28 06:03:16.000 MDT,0,0,1,0,0,0,0,0,0,0,0,0,0,0,0,0
532,2016-08-28 06:12:03.000 MDT,0,0,1,0,0,0,0,0,0,0,0,0,0,0,0,0
533,2016-08-28 06:22:05.000 MDT,0,0,1,0,0,0,0,0,0,0,0,0,0,0,0,0
534,2016-08-28 06:28:08.000 MDT,0,0,0,0,1,0,0,0,0,0,0,0,0,0,0,0
535,2016-08-28 06:28:41.000 MDT,0,0,1,0,0,0,0,0,0,0,0,0,0,0,0,0
536,2016-08-28 06:34:22.000 MDT,0,1,0,0,0,0,0,0,0,0,0,0,0,0,0,0
537,2016-08-28 06:43:44.000 MDT,0,0,0,0,0,0,1,0,0,0,0,0,0,0,0,0
538,2016-08-28 06:51:11.000 MDT,0,1,0,0,0,0,0,0,0,0,0,0,0,0,0,0
539,2016-08-28 06:52:58.000 MDT,0,0,1,0,0,0,0,0,0,0,0,0,0,0,0,0
540,2016-08-28 07:03:41.000 MDT,0,0,1,0,0,0,0,0,0,0,0,0,0,0,0,0
541,2016-08-28 07:19:06.000 MDT,0,1,0,0,0,0,0,0,0,0,0,0,0,0,0,0
542,2016-08-28 07:22:09.000 MDT,0,0,0,0,0,1,0,0,0,0,0,0,0,0,0,0
543,2016-08-28 07:30:48.000 MDT,0,1,0,0,0,0,0,0,0,0,0,0,0,0,0,0
544,2016-08-28 07:38:17.000 MDT,0,1,0,0,0,0,0,0,0,0,0,0,0,0,0,0
545,2016-08-28 07:48:39.000 MDT,1,0,0,0,0,0,0,0,0,0,0,0,0,0,0,0
546,2016-08-28 08:09:56.000 MDT,1,0,0,0,0,0,0,0,0,0,0,0,0,0,0,0
547,2016-08-28 08:13:13.000 MDT,1,0,0,0,0,0,0,0,0,0,0,0,0,0,0,0
548,2016-08-28 08:18:21.000 MDT,1,0,0,0,0,0,0,0,0,0,0,0,0,0,0,0
549,2016-08-28 08:19:30.000 MDT,0,1,0,0,0,0,0,0,0,0,0,0,0,0,0,0
550,2016-08-28 08:23:01.000 MDT,1,0,0,0,0,0,0,0,0,0,0,0,0,0,0,0
551,2016-08-28 08:39:42.000 MDT,0,1,0,0,0,0,0,0,0,0,0,0,0,0,0,0
552,2016-08-28 08:45:43.000 MDT,1,0,0,0,0,0,0,0,0,0,0,0,0,0,0,0
553,2016-08-28 08:46:04.000 MDT,0,0,1,0,0,0,0,0,0,0,0,0,0,0,0,0
554,2016-08-28 09:06:47.000 MDT,0,1,0,0,0,0,0,0,0,0,0,0,0,0,0,0
555,2016-08-28 09:16:24.000 MDT,0,0,1,0,0,0,0,0,0,0,0,0,0,0,0,0
556,2016-08-28 09:17:30.000 MDT,0,0,0,0,1,0,0,0,0,0,0,0,0,0,0,0
557,2016-08-28 09:32:26.000 MDT,1,0,0,0,0,0,0,0,0,0,0,0,0,0,0,0
558,2016-08-28 09:34:26.000 MDT,1,0,0,0,0,0,0,0,0,0,0,0,0,0,0,0
559,2016-08-28 09:41:06.000 MDT,0,1,0,0,0,0,0,0,0,0,0,0,0,0,0,0
560,2016-08-28 09:44:57.000 MDT,0,1,0,0,0,0,0,0,0,0,0,0,0,0,0,0
561,2016-08-28 09:51:21.000 MDT,1,0,0,0,0,0,0,0,0,0,0,0,0,0,0,0
562,2016-08-28 10:06:41.000 MDT,0,1,0,0,0,0,0,0,0,0,0,0,0,0,0,0
563,2016-08-28 10:11:37.000 MDT,0,0,1,0,0,0,0,0,0,0,0,0,0,0,0,0
564,2016-08-28 10:20:06.000 MDT,0,1,0,0,0,0,0,0,0,0,0,0,0,0,0,0
565,2016-08-28 10:28:42.000 MDT,0,1,0,0,0,0,0,0,0,0,0,0,0,0,0,0
566,2016-08-28 10:33:04.000 MDT,0,1,0,0,0,0,0,0,0,0,0,0,0,0,0,0
567,2016-08-28 10:44:47.000 MDT,1,0,0,0,0,0,0,0,0,0,0,0,0,0,0,0
568,2016-08-28 10:50:38.000 MDT,1,0,0,0,0,0,0,0,0,0,0,0,0,0,0,0
569,2016-08-28 10:52:41.000 MDT,1,0,0,0,0,0,0,0,0,0,0,0,0,0,0,0
570,2016-08-28 11:00:36.000 MDT,0,0,1,0,0,0,0,0,0,0,0,0,0,0,0,0
571,2016-08-28 11:13:27.000 MDT,0,1,0,0,0,0,0,0,0,0,0,0,0,0,0,0
572,2016-08-28 11:26:26.000 MDT,1,0,0,0,0,0,0,0,0,0,0,0,0,0,0,0
573,2016-08-28 11:38:16.000 MDT,0,1,0,0,0,0,0,0,0,0,0,0,0,0,0,0
574,2016-08-28 11:46:58.000 MDT,0,1,0,0,0,0,0,0,0,0,0,0,0,0,0,0
575,2016-08-28 11:49:01.000 MDT,1,0,0,0,0,0,0,0,0,0,0,0,0,0,0,0
576,2016-08-28 11:51:22.000 MDT,0,1,0,0,0,0,0,0,0,0,0,0,0,0,0,0
577,2016-08-28 11:51:31.000 MDT,0,0,0,1,0,0,0,0,0,0,0,0,0,0,0,0
578,2016-08-28 11:51:37.000 MDT,0,1,0,0,0,0,0,0,0,0,0,0,0,0,0,0
579,2016-08-28 11:59:36.000 MDT,1,0,0,0,0,0,0,0,0,0,0,0,0,0,0,0
580,2016-08-28 12:11:53.000 MDT,0,1,0,0,0,0,0,0,0,0,0,0,0,0,0,0
581,2016-08-28 12:20:31.000 MDT,1,0,0,0,0,0,0,0,0,0,0,0,0,0,0,0
582,2016-08-28 12:22:00.000 MDT,0,1,0,0,0,0,0,0,0,0,0,0,0,0,0,0
583,2016-08-28 12:26:42.000 MDT,0,0,1,0,0,0,0,0,0,0,0,0,0,0,0,0
584,2016-08-28 12:29:23.000 MDT,0,1,0,0,0,0,0,0,0,0,0,0,0,0,0,0
585,2016-08-28 12:31:14.000 MDT,0,0,0,0,0,1,0,0,0,0,0,0,0,0,0,0
586,2016-08-28 12:35:28.000 MDT,0,0,0,1,0,0,0,0,0,0,0,0,0,0,0,0
587,2016-08-28 12:38:40.000 MDT,0,0,1,0,0,0,0,0,0,0,0,0,0,0,0,0
588,2016-08-28 12:42:32.000 MDT,0,1,0,0,0,0,0,0,0,0,0,0,0,0,0,0
589,2016-08-28 12:45:27.000 MDT,1,0,0,0,0,0,0,0,0,0,0,0,0,0,0,0
590,2016-08-28 12:46:41.000 MDT,1,0,0,0,0,0,0,0,0,0,0,0,0,0,0,0
591,2016-08-28 12:47:04.000 MDT,0,0,0,0,1,0,0,0,0,0,0,0,0,0,0,0
592,2016-08-28 13:06:23.000 MDT,0,0,1,0,0,0,0,0,0,0,0,0,0,0,0,0
593,2016-08-28 13:10:25.000 MDT,0,0,1,0,0,0,0,0,0,0,0,0,0,0,0,0
594,2016-08-28 13:10:37.000 MDT,0,1,0,0,0,0,0,0,0,0,0,0,0,0,0,0
595,2016-08-28 13:13:18.000 MDT,0,0,0,0,0,0,1,0,0,0,0,0,0,0,0,0
596,2016-08-28 13:13:53.000 MDT,0,0,1,0,0,0,0,0,0,0,0,0,0,0,0,0
597,2016-08-28 13:27:05.000 MDT,0,0,0,0,0,1,0,0,0,0,0,0,0,0,0,0
598,2016-08-28 13:36:16.000 MDT,1,0,0,0,0,0,0,0,0,0,0,0,0,0,0,0
599,2016-08-28 13:40:59.000 MDT,0,1,0,0,0,0,0,0,0,0,0,0,0,0,0,0
600,2016-08-28 14:06:52.000 MDT,0,0,0,1,0,0,0,0,0,0,0,0,0,0,0,0
601,2016-08-28 14:14:38.000 MDT,1,0,0,0,0,0,0,0,0,0,0,0,0,0,0,0
602,2016-08-28 14:17:46.000 MDT,0,0,0,0,0,1,0,0,0,0,0,0,0,0,0,0
603,2016-08-28 14:18:25.000 MDT,1,0,0,0,0,0,0,0,0,0,0,0,0,0,0,0
604,2016-08-28 14:18:46.000 MDT,0,0,0,1,0,0,0,0,0,0,0,0,0,0,0,0
605,2016-08-28 14:20:48.000 MDT,0,0,0,0,1,0,0,0,0,0,0,0,0,0,0,0
606,2016-08-28 14:32:03.000 MDT,1,0,0,0,0,0,0,0,0,0,0,0,0,0,0,0
607,2016-08-28 14:35:49.000 MDT,0,0,1,0,0,0,0,0,0,0,0,0,0,0,0,0
608,2016-08-28 14:37:43.000 MDT,0,1,0,0,0,0,0,0,0,0,0,0,0,0,0,0
609,2016-08-28 14:40:19.000 MDT,0,1,0,0,0,0,0,0,0,0,0,0,0,0,0,0
610,2016-08-28 14:41:40.000 MDT,0,0,1,0,0,0,0,0,0,0,0,0,0,0,0,0
611,2016-08-28 14:41:42.000 MDT,0,0,0,0,0,0,1,0,0,0,0,0,0,0,0,0
612,2016-08-28 14:53:29.000 MDT,0,0,0,1,0,0,0,0,0,0,0,0,0,0,0,0
613,2016-08-28 14:54:22.000 MDT,0,0,0,0,0,0,0,0,1,0,0,0,0,0,0,0
614,2016-08-28 14:55:27.000 MDT,0,0,1,0,0,0,0,0,0,0,0,0,0,0,0,0
615,2016-08-28 15:14:36.000 MDT,1,0,0,0,0,0,0,0,0,0,0,0,0,0,0,0
616,2016-08-28 15:16:33.000 MDT,0,1,0,0,0,0,0,0,0,0,0,0,0,0,0,0
617,2016-08-28 15:16:35.000 MDT,0,1,0,0,0,0,0,0,0,0,0,0,0,0,0,0
618,2016-08-28 15:20:11.000 MDT,1,0,0,0,0,0,0,0,0,0,0,0,0,0,0,0
619,2016-08-28 15:20:54.000 MDT,0,1,0,0,0,0,0,0,0,0,0,0,0,0,0,0
620,2016-08-28 15:33:34.000 MDT,0,0,0,0,0,0,1,0,0,0,0,0,0,0,0,0
621,2016-08-28 15:36:40.000 MDT,1,0,0,0,0,0,0,0,0,0,0,0,0,0,0,0
622,2016-08-28 15:39:38.000 MDT,0,1,0,0,0,0,0,0,0,0,0,0,0,0,0,0
623,2016-08-28 15:44:50.000 MDT,0,1,0,0,0,0,0,0,0,0,0,0,0,0,0,0
624,2016-08-28 15:55:04.000 MDT,0,0,0,0,0,1,0,0,0,0,0,0,0,0,0,0
625,2016-08-28 16:05:07.000 MDT,1,0,0,0,0,0,0,0,0,0,0,0,0,0,0,0
626,2016-08-28 16:05:28.000 MDT,0,0,0,0,1,0,0,0,0,0,0,0,0,0,0,0
627,2016-08-28 16:07:11.000 MDT,0,0,1,0,0,0,0,0,0,0,0,0,0,0,0,0
628,2016-08-28 16:08:37.000 MDT,1,0,0,0,0,0,0,0,0,0,0,0,0,0,0,0
629,2016-08-28 16:09:27.000 MDT,0,1,0,0,0,0,0,0,0,0,0,0,0,0,0,0
630,2016-08-28 16:09:57.000 MDT,0,0,0,0,1,0,0,0,0,0,0,0,0,0,0,0
631,2016-08-28 16:17:46.000 MDT,0,0,1,0,0,0,0,0,0,0,0,0,0,0,0,0
632,2016-08-28 16:18:32.000 MDT,0,1,0,0,0,0,0,0,0,0,0,0,0,0,0,0
633,2016-08-28 16:23:25.000 MDT,0,0,1,0,0,0,0,0,0,0,0,0,0,0,0,0
634,2016-08-28 16:36:26.000 MDT,0,0,1,0,0,0,0,0,0,0,0,0,0,0,0,0
635,2016-08-28 16:38:15.000 MDT,0,0,1,0,0,0,0,0,0,0,0,0,0,0,0,0
636,2016-08-28 16:41:05.000 MDT,1,0,0,0,0,0,0,0,0,0,0,0,0,0,0,0
637,2016-08-28 16:43:26.000 MDT,0,0,0,0,1,0,0,0,0,0,0,0,0,0,0,0
638,2016-08-28 16:43:51.000 MDT,1,0,0,0,0,0,0,0,0,0,0,0,0,0,0,0
639,2016-08-28 16:53:49.000 MDT,0,0,1,0,0,0,0,0,0,0,0,0,0,0,0,0
640,2016-08-28 16:56:53.000 MDT,0,1,0,0,0,0,0,0,0,0,0,0,0,0,0,0
641,2016-08-28 17:05:01.000 MDT,0,1,0,0,0,0,0,0,0,0,0,0,0,0,0,0
642,2016-08-28 17:13:55.000 MDT,0,0,0,0,0,1,0,0,0,0,0,0,0,0,0,0
643,2016-08-28 17:15:09.000 MDT,0,1,0,0,0,0,0,0,0,0,0,0,0,0,0,0
644,2016-08-28 17:17:01.000 MDT,0,1,0,0,0,0,0,0,0,0,0,0,0,0,0,0
645,2016-08-28 17:22:37.000 MDT,1,0,0,0,0,0,0,0,0,0,0,0,0,0,0,0
646,2016-08-28 17:23:01.000 MDT,0,0,1,0,0,0,0,0,0,0,0,0,0,0,0,0
647,2016-08-28 17:39:18.000 MDT,1,0,0,0,0,0,0,0,0,0,0,0,0,0,0,0
648,2016-08-28 17:51:09.000 MDT,0,0,1,0,0,0,0,0,0,0,0,0,0,0,0,0
649,2016-08-28 17:56:57.000 MDT,0,1,0,0,0,0,0,0,0,0,0,0,0,0,0,0
650,2016-08-28 17:57:58.000 MDT,0,1,0,0,0,0,0,0,0,0,0,0,0,0,0,0
