,time,Process Creation,Authorization Policy Change,Process Termination,Logoff,Special Logon,Logon,Removable Storage,Sensitive Privilege Use,File System,File Share,Detailed File Share,Registry,Security Group Management,Security State Change,Other Logon/Logoff Events,Security System Extension
0,2016-08-25 18:58:09.000 MDT,0,0,1,0,0,0,0,0,0,0,0,0,0,0,0,0
1,2016-08-25 18:58:33.000 MDT,0,0,1,0,0,0,0,0,0,0,0,0,0,0,0,0
2,2016-08-25 19:10:43.000 MDT,0,0,1,0,0,0,0,0,0,0,0,0,0,0,0,0
3,2016-08-25 19:10:58.000 MDT,0,1,0,0,0,0,0,0,0,0,0,0,0,0,0,0
4,2016-08-25 19:14:03.000 MDT,0,0,1,0,0,0,0,0,0,0,0,0,0,0,0,0
5,2016-08-25 19:28:48.000 MDT,0,0,1,0,0,0,0,0,0,0,0,0,0,0,0,0
6,2016-08-25 19:32:21.000 MDT,1,0,0,0,0,0,0,0,0,0,0,0,0,0,0,0
7,2016-08-25 19:50:38.000 MDT,0,1,0,0,0,0,0,0,0,0,0,0,0,0,0,0
8,2016-08-25 19:57:24.000 MDT,0,0,1,0,0,0,0,0,0,0,0,0,0,0,0,0
9,2016-08-25 19:58:14.000 MDT,0,0,0,0,0,1,0,0,0,0,0,0,0,0,0,0
10,2016-08-25 20:12:55.000 MDT,0,1,0,0,0,0,0,0,0,0,0,0,0,0,0,0
11,2016-08-25 20:29:17.000 MDT,0,1,0,0,0,0,0,0,0,0,0,0,0,0,0,0
12,2016-08-25 20:33:43.000 MDT,0,0,0,0,1,0,0,0,0,0,0,0,0,0,0,0
13,2016-08-25 20:44:52.000 MDT,1,0,0,0,0,0,0,0,0,0,0,0,0,0,0,0
14,2016-08-25 20:50:23.000 MDT,0,0,0,1,0,0,0,0,0,0,0,0,0,0,0,0
15,2016-08-25 21:04:55.000 MDT,0,0,0,0,1,0,0,0,0,0,0,0,0,0,0,0
16,2016-08-25 21:13:20.000 MDT,1,0,0,0,0,0,0,0,0,0,0,0,0,0,0,0
17,2016-08-25 21:13:59.000 MDT,0,1,0,0,0,0,0,0,0,0,0,0,0,0,0,0
18,2016-08-25 21:19:23.000 MDT,0,0,1,0,0,0,0,0,0,0,0,0,0,0,0,0
19,2016-08-25 21:19:50.000 MDT,0,1,0,0,0,0,0,0,0,0,0,0,0,0,0,0
20,2016-08-25 21:33:02.000 MDT,0,0,1,0,0,0,0,0,0,0,0,0,0,0,0,0
21,2016-08-25 21:36:20.000 MDT,0,1,0,0,0,0,0,0,0,0,0,0,0,0,0,0
22,2016-08-25 21:37:31.000 MDT,0,1,0,0,0,0,0,0,0,0,0,0,0,0,0,0
23,2016-08-25 21:44:47.000 MDT,0,1,0,0,0,0,0,0,0,0,0,0,0,0,0,0
24,2016-08-25 21:45:16.000 MDT,0,1,0,0,0,0,0,0,0,0,0,0,0,0,0,0
25,2016-08-25 21:51:22.000 MDT,0,0,1,0,0,0,0,0,0,0,0,0,0,0,0,0
26,2016-08-25 22:01:38.000 MDT,0,1,0,0,0,0,0,0,0,0,0,0,0,0,0,0
27,2016-08-25 22:08:04.000 MDT,0,1,0,0,0,0,0,0,0,0,0,0,0,0,0,0
28,2016-08-25 22:13:28.000 MDT,0,0,1,0,0,0,0,0,0,0,0,0,0,0,0,0
29,2016-08-25 22:15:23.000 MDT,0,0,1,0,0,0,0,0,0,0,0,0,0,0,0,0
30,2016-08-25 22:29:16.000 MDT,0,1,0,0,0,0,0,0,0,0,0,0,0,0,0,0
31,2016-08-25 22:37:54.000 MDT,0,0,1,0,0,0,0,0,0,0,0,0,0,0,0,0
32,2016-08-25 22:42:52.000 MDT,0,0,1,0,0,0,0,0,0,0,0,0,0,0,0,0
33,2016-08-25 22:47:48.000 MDT,1,0,0,0,0,0,0,0,0,0,0,0,0,0,0,0
34,2016-08-25 22:55:29.000 MDT,0,0,1,0,0,0,0,0,0,0,0,0,0,0,0,0
35,2016-08-25 23:10:14.000 MDT,0,0,1,0,0,0,0,0,0,0,0,0,0,0,0,0
36,2016-08-25 23:16:55.000 MDT,0,0,1,0,0,0,0,0,0,0,0,0,0,0,0,0
37,2016-08-25 23:23:44.000 MDT,0,1,0,0,0,0,0,0,0,0,0,0,0,0,0,0
38,2016-08-25 23:48:58.000 MDT,0,1,0,0,0,0,0,0,0,0,0,0,0,0,0,0
39,2016-08-26 00:01:29.000 MDT,0,0,1,0,0,0,0,0,0,0,0,0,0,0,0,0
40,2016-08-26 00:13:38.000 MDT,1,0,0,0,0,0,0,0,0,0,0,0,0,0,0,0
41,2016-08-26 00:22:19.000 MDT,1,0,0,0,0,0,0,0,0,0,0,0,0,0,0,0
42,2016-08-26 00:22:32.000 MDT,0,0,0,1,0,0,0,0,0,0,0,0,0,0,0,0
43,2016-08-26 00:25:57.000 MDT,0,1,0,0,0,0,0,0,0,0,0,0,0,0,0,0
44,2016-08-26 00:33:02.000 MDT,1,0,0,0,0,0,0,0,0,0,0,0,0,0,0,0
45,2016-08-26 00:37:50.000 MDT,0,0,0,0,1,0,0,0,0,0,0,0,0,0,0,0
46,2016-08-26 00:59:25.000 MDT,0,0,1,0,0,0,0,0,0,0,0,0,0,0,0,0
47,2016-08-26 01:02:05.000 MDT,1,0,0,0,0,0,0,0,0,0,0,0,0,0,0,0
48,2016-08-26 01:03:42.000 MDT,1,0,0,0,0,0,0,0,0,0,0,0,0,0,0,0
49,2016-08-26 01:05:11.000 MDT,0,0,1,0,0,0,0,0,0,0,0,0,0,0,0,0
50,2016-08-26 01:12:22.000 MDT,0,1,0,0,0,0,0,0,0,0,0,0,0,0,0,0
51,2016-08-26 01:33:18.000 MDT,0,0,1,0,0,0,0,0,0,0,0,0,0,0,0,0
52,2016-08-26 01:45:55.000 MDT,0,0,0,0,0,1,0,0,0,0,0,0,0,0,0,0
53,2016-08-26 01:48:55.000 MDT,0,0,1,0,0,0,0,0,0,0,0,0,0,0,0,0
54,2016-08-26 01:56:36.000 MDT,0,1,0,0,0,0,0,0,0,0,0,0,0,0,0,0
55,2016-08-26 02:11:02.000 MDT,1,0,0,0,0,0,0,0,0,0,0,0,0,0,0,0
56,2016-08-26 02:24:42.000 MDT,0,0,0,0,0,0,0,0,0,1,0,0,0,0,0,0
57,2016-08-26 02:29:39.000 MDT,0,0,0,0,1,0,0,0,0,0,0,0,0,0,0,0
58,2016-08-26 02:34:30.000 MDT,0,1,0,0,0,0,0,0,0,0,0,0,0,0,0,0
59,2016-08-26 02:36:09.000 MDT,0,1,0,0,0,0,0,0,0,0,0,0,0,0,0,0
60,2016-08-26 02:39:54.000 MDT,0,0,1,0,0,0,0,0,0,0,0,0,0,0,0,0
61,2016-08-26 02:43:26.000 MDT,1,0,0,0,0,0,0,0,0,0,0,0,0,0,0,0
62,2016-08-26 02:56:00.000 MDT,0,1,0,0,0,0,0,0,0,0,0,0,0,0,0,0
63,2016-08-26 02:56:16.000 MDT,0,0,1,0,0,0,0,0,0,0,0,0,0,0,0,0
64,2016-08-26 03:18:40.000 MDT,0,0,1,0,0,0,0,0,0,0,0,0,0,0,0,0
65,2016-08-26 03:27:48.000 MDT,1,0,0,0,0,0,0,0,0,0,0,0,0,0,0,0
66,2016-08-26 03:28:23.000 MDT,0,1,0,0,0,0,0,0,0,0,0,0,0,0,0,0
67,2016-08-26 03:31:43.000 MDT,0,1,0,0,0,0,0,0,0,0,0,0,0,0,0,0
68,2016-08-26 03:41:01.000 MDT,0,0,1,0,0,0,0,0,0,0,0,0,0,0,0,0
69,2016-08-26 03:44:52.000 MDT,0,0,0,0,0,1,0,0,0,0,0,0,0,0,0,0
70,2016-08-26 03:46:27.000 MDT,1,0,0,0,0,0,0,0,0,0,0,0,0,0,0,0
71,2016-08-26 03:50:57.000 MDT,0,1,0,0,0,0,0,0,0,0,0,0,0,0,0,0
72,2016-08-26 03:54:12.000 MDT,0,0,1,0,0,0,0,0,0,0,0,0,0,0,0,0
73,2016-08-26 03:55:51.000 MDT,0,1,0,0,0,0,0,0,0,0,0,0,0,0,0,0
74,2016-08-26 04:02:52.000 MDT,0,1,0,0,0,0,0,0,0,0,0,0,0,0,0,0
75,2016-08-26 04:04:18.000 MDT,0,0,0,0,0,1,0,0,0,0,0,0,0,0,0,0
76,2016-08-26 04:11:57.000 MDT,0,0,1,0,0,0,0,0,0,0,0,0,0,0,0,0
77,2016-08-26 04:13:07.000 MDT,0,0,1,0,0,0,0,0,0,0,0,0,0,0,0,0
78,2016-08-26 04:13:37.000 MDT,0,1,0,0,0,0,0,0,0,0,0,0,0,0,0,0
79,2016-08-26 04:14:33.000 MDT,0,1,0,0,0,0,0,0,0,0,0,0,0,0,0,0
80,2016-08-26 04:17:20.000 MDT,0,1,0,0,0,0,0,0,0,0,0,0,0,0,0,0
81,2016-08-26 04:19:09.000 MDT,1,0,0,0,0,0,0,0,0,0,0,0,0,0,0,0
82,2016-08-26 04:22:12.000 MDT,0,1,0,0,0,0,0,0,0,0,0,0,0,0,0,0
83,2016-08-26 04:26:07.000 MDT,0,0,0,0,0,1,0,0,0,0,0,0,0,0,0,0
84,2016-08-26 04:46:29.000 MDT,0,0,1,0,0,0,0,0,0,0,0,0,0,0,0,0
85,2016-08-26 04:47:00.000 MDT,0,0,1,0,0,0,0,0,0,0,0,0,0,0,0,0
86,2016-08-26 05:00:32.000 MDT,0,0,1,0,0,0,0,0,0,0,0,0,0,0,0,0
87,2016-08-26 05:03:42.000 MDT,0,0,1,0,0,0,0,0,0,0,0,0,0,0,0,0
88,2016-08-26 05:04:24.000 MDT,0,0,0,0,1,0,0,0,0,0,0,0,0,0,0,0
89,2016-08-26 05:29:12.000 MDT,0,1,0,0,0,0,0,0,0,0,0,0,0,0,0,0
90,2016-08-26 05:40:19.000 MDT,0,1,0,0,0,0,0,0,0,0,0,0,0,0,0,0
91,2016-08-26 05:53:03.000 MDT,0,1,0,0,0,0,0,0,0,0,0,0,0,0,0,0
92,2016-08-26 05:55:30.000 MDT,1,0,0,0,0,0,0,0,0,0,0,0,0,0,0,0
93,2016-08-26 06:02:00.000 MDT,0,0,0,0,1,0,0,0,0,0,0,0,0,0,0,0
94,2016-08-26 06:05:22.000 MDT,0,1,0,0,0,0,0,0,0,0,0,0,0,0,0,0
95,2016-08-26 06:07:33.000 MDT,1,0,0,0,0,0,0,0,0,0,0,0,0,0,0,0
96,2016-08-26 06:13:48.000 MDT,0,0,0,0,1,0,0,0,0,0,0,0,0,0,0,0
97,2016-08-26 06:16:03.000 MDT,0,1,0,0,0,0,0,0,0,0,0,0,0,0,0,0
98,2016-08-26 06:37:18.000 MDT,0,1,0,0,0,0,0,0,0,0,0,0,0,0,0,0
99,2016-08-26 06:40:48.000 MDT,0,0,0,0,1,0,0,0,0,0,0,0,0,0,0,0
100,2016-08-26 06:43:34.000 MDT,0,1,0,0,0,0,0,0,0,0,0,0,0,0,0,0
101,2016-08-26 06:52:19.000 MDT,0,0,1,0,0,0,0,0,0,0,0,0,0,0,0,0
102,2016-08-26 06:53:45.000 MDT,1,0,0,0,0,0,0,0,0,0,0,0,0,0,0,0
103,2016-08-26 06:55:55.000 MDT,0,0,1,0,0,0,0,0,0,0,0,0,0,0,0,0
104,2016-08-26 06:58:29.000 MDT,0,0,1,0,0,0,0,0,0,0,0,0,0,0,0,0
105,2016-08-26 07:10:33.000 MDT,0,1,0,0,0,0,0,0,0,0,0,0,0,0,0,0
106,2016-08-26 07:16:39.000 MDT,0,1,0,0,0,0,0,0,0,0,0,0,0,0,0,0
107,2016-08-26 07:19:20.000 MDT,1,0,0,0,0,0,0,0,0,0,0,0,0,0,0,0
108,2016-08-26 07:22:44.000 MDT,0,0,0,1,0,0,0,0,0,0,0,0,0,0,0,0
109,2016-08-26 07:24:05.000 MDT,0,1,0,0,0,0,0,0,0,0,0,0,0,0,0,0
110,2016-08-26 07:30:01.000 MDT,0,0,1,0,0,0,0,0,0,0,0,0,0,0,0,0
111,2016-08-26 07:41:00.000 MDT,0,1,0,0,0,0,0,0,0,0,0,0,0,0,0,0
112,2016-08-26 07:41:54.000 MDT,0,0,1,0,0,0,0,0,0,0,0,0,0,0,0,0
113,2016-08-26 07:42:15.000 MDT,0,1,0,0,0,0,0,0,0,0,0,0,0,0,0,0
114,2016-08-26 08:03:34.000 MDT,0,0,1,0,0,0,0,0,0,0,0,0,0,0,0,0
115,2016-08-26 08:06:34.000 MDT,1,0,0,0,0,0,0,0,0,0,0,0,0,0,0,0
116,2016-08-26 08:14:27.000 MDT,0,1,0,0,0,0,0,0,0,0,0,0,0,0,0,0
117,2016-08-26 08:14:55.000 MDT,1,0,0,0,0,0,0,0,0,0,0,0,0,0,0,0
118,2016-08-26 08:28:34.000 MDT,0,0,1,0,0,0,0,0,0,0,0,0,0,0,0,0
119,2016-08-26 08:38:10.000 MDT,0,0,0,0,0,1,0,0,0,0,0,0,0,0,0,0
120,2016-08-26 08:39:39.000 MDT,0,0,1,0,0,0,0,0,0,0,0,0,0,0,0,0
121,2016-08-26 08:51:35.000 MDT,0,0,0,0,0,1,0,0,0,0,0,0,0,0,0,0
122,2016-08-26 08:55:59.000 MDT,0,1,0,0,0,0,0,0,0,0,0,0,0,0,0,0
123,2016-08-26 08:58:39.000 MDT,0,0,1,0,0,0,0,0,0,0,0,0,0,0,0,0
124,2016-08-26 09:08:01.000 MDT,0,0,0,0,1,0,0,0,0,0,0,0,0,0,0,0
125,2016-08-26 09:08:21.000 MDT,0,1,0,0,0,0,0,0,0,0,0,0,0,0,0,0
126,2016-08-26 09:09:25.000 MDT,0,0,0,0,0,1,0,0,0,0,0,0,0,0,0,0
127,2016-08-26 09:28:32.000 MDT,0,0,1,0,0,0,0,0,0,0,0,0,0,0,0,0
128,2016-08-26 09:32:03.000 MDT,0,0,1,0,0,0,0,0,0,0,0,0,0,0,0,0
129,2016-08-26 09:33:16.000 MDT,1,0,0,0,0,0,0,0,0,0,0,0,0,0,0,0
130,2016-08-26 09:41:53.000 MDT,0,0,0,0,1,0,0,0,0,0,0,0,0,0,0,0
131,2016-08-26 09:43:44.000 MDT,0,0,1,0,0,0,0,0,0,0,0,0,0,0,0,0
132,2016-08-26 09:59:02.000 MDT,0,1,0,0,0,0,0,0,0,0,0,0,0,0,0,0
133,2016-08-26 09:59:18.000 MDT,0,0,1,0,0,0,0,0,0,0,0,0,0,0,0,0
134,2016-08-26 10:12:05.000 MDT,0,1,0,0,0,0,0,0,0,0,0,0,0,0,0,0
135,2016-08-26 10:14:32.000 MDT,0,0,1,0,0,0,0,0,0,0,0,0,0,0,0,0
136,2016-08-26 10:15:44.000 MDT,0,1,0,0,0,0,0,0,0,0,0,0,0,0,0,0
137,2016-08-26 10:24:16.000 MDT,0,1,0,0,0,0,0,0,0,0,0,0,0,0,0,0
138,2016-08-26 10:25:41.000 MDT,0,0,1,0,0,0,0,0,0,0,0,0,0,0,0,0
139,2016-08-26 10:26:29.000 MDT,0,1,0,0,0,0,0,0,0,0,0,0,0,0,0,0
140,2016-08-26 10:38:29.000 MDT,0,1,0,0,0,0,0,0,0,0,0,0,0,0,0,0
141,2016-08-26 10:40:45.000 MDT,1,0,0,0,0,0,0,0,0,0,0,0,0,0,0,0
142,2016-08-26 10:44:51.000 MDT,0,0,1,0,0,0,0,0,0,0,0,0,0,0,0,0
143,2016-08-26 10:47:41.000 MDT,1,0,0,0,0,0,0,0,0,0,0,0,0,0,0,0
144,2016-08-26 10:56:10.000 MDT,1,0,0,0,0,0,0,0,0,0,0,0,0,0,0,0
145,2016-08-26 10:56:41.000 MDT,1,0,0,0,0,0,0,0,0,0,0,0,0,0,0,0
146,2016-08-26 11:09:13.000 MDT,0,1,0,0,0,0,0,0,0,0,0,0,0,0,0,0
147,2016-08-26 11:20:03.000 MDT,0,1,0,0,0,0,0,0,0,0,0,0,0,0,0,0
148,2016-08-26 11:36:03.000 MDT,0,0,1,0,0,0,0,0,0,0,0,0,0,0,0,0
149,2016-08-26 11:41:21.000 MDT,0,0,1,0,0,0,0,0,0,0,0,0,0,0,0,0
150,2016-08-26 11:44:15.000 MDT,0,1,0,0,0,0,0,0,0,0,0,0,0,0,0,0
151,2016-08-26 11:45:34.000 MDT,0,0,1,0,0,0,0,0,0,0,0,0,0,0,0,0
152,2016-08-26 11:48:00.000 MDT,0,0,0,0,0,1,0,0,0,0,0,0,0,0,0,0
153,2016-08-26 11:48:53.000 MDT,1,0,0,0,0,0,0,0,0,0,0,0,0,0,0,0
154,2016-08-26 11:53:56.000 MDT,0,0,1,0,0,0,0,0,0,0,0,0,0,0,0,0
155,2016-08-26 12:00:33.000 MDT,0,1,0,0,0,0,0,0,0,0,0,0,0,0,0,0
156,2016-08-26 12:01:42.000 MDT,1,0,0,0,0,0,0,0,0,0,0,0,0,0,0,0
157,2016-08-26 12:05:16.000 MDT,0,1,0,0,0,0,0,0,0,0,0,0,0,0,0,0
158,2016-08-26 12:09:26.000 MDT,0,0,0,0,0,1,0,0,0,0,0,0,0,0,0,0
159,2016-08-26 12:22:34.000 MDT,0,0,1,0,0,0,0,0,0,0,0,0,0,0,0,0
160,2016-08-26 12:32:20.000 MDT,0,1,0,0,0,0,0,0,0,0,0,0,0,0,0,0
161,2016-08-26 12:33:10.000 MDT,0,0,1,0,0,0,0,0,0,0,0,0,0,0,0,0
162,2016-08-26 12:46:17.000 MDT,0,0,0,0,0,1,0,0,0,0,0,0,0,0,0,0
163,2016-08-26 12:51:49.000 MDT,1,0,0,0,0,0,0,0,0,0,0,0,0,0,0,0
164,2016-08-26 12:52:59.000 MDT,0,0,0,0,0,1,0,0,0,0,0,0,0,0,0,0
165,2016-08-26 12:55:07.000 MDT,0,1,0,0,0,0,0,0,0,0,0,0,0,0,0,0
166,2016-08-26 12:58:38.000 MDT,0,1,0,0,0,0,0,0,0,0,0,0,0,0,0,0
167,2016-08-26 12:59:17.000 MDT,1,0,0,0,0,0,0,0,0,0,0,0,0,0,0,0
168,2016-08-26 13:01:15.000 MDT,0,1,0,0,0,0,0,0,0,0,0,0,0,0,0,0
169,2016-08-26 13:05:25.000 MDT,1,0,0,0,0,0,0,0,0,0,0,0,0,0,0,0
170,2016-08-26 13:18:48.000 MDT,0,0,0,0,0,1,0,0,0,0,0,0,0,0,0,0
171,2016-08-26 13:29:29.000 MDT,0,0,0,1,0,0,0,0,0,0,0,0,0,0,0,0
172,2016-08-26 13:41:13.000 MDT,1,0,0,0,0,0,0,0,0,0,0,0,0,0,0,0
173,2016-08-26 13:44:20.000 MDT,0,1,0,0,0,0,0,0,0,0,0,0,0,0,0,0
174,2016-08-26 13:46:37.000 MDT,0,0,1,0,0,0,0,0,0,0,0,0,0,0,0,0
175,2016-08-26 13:50:04.000 MDT,1,0,0,0,0,0,0,0,0,0,0,0,0,0,0,0
176,2016-08-26 14:02:05.000 MDT,0,0,1,0,0,0,0,0,0,0,0,0,0,0,0,0
177,2016-08-26 14:11:37.000 MDT,0,0,0,0,0,1,0,0,0,0,0,0,0,0,0,0
178,2016-08-26 14:16:10.000 MDT,0,1,0,0,0,0,0,0,0,0,0,0,0,0,0,0
179,2016-08-26 14:17:09.000 MDT,0,1,0,0,0,0,0,0,0,0,0,0,0,0,0,0
180,2016-08-26 14:20:14.000 MDT,1,0,0,0,0,0,0,0,0,0,0,0,0,0,0,0
181,2016-08-26 14:25:04.000 MDT,0,0,1,0,0,0,0,0,0,0,0,0,0,0,0,0
182,2016-08-26 14:30:30.000 MDT,1,0,0,0,0,0,0,0,0,0,0,0,0,0,0,0
183,2016-08-26 14:34:07.000 MDT,0,0,1,0,0,0,0,0,0,0,0,0,0,0,0,0
184,2016-08-26 14:47:24.000 MDT,0,0,1,0,0,0,0,0,0,0,0,0,0,0,0,0
185,2016-08-26 15:05:59.000 MDT,1,0,0,0,0,0,0,0,0,0,0,0,0,0,0,0
186,2016-08-26 15:07:09.000 MDT,0,0,1,0,0,0,0,0,0,0,0,0,0,0,0,0
187,2016-08-26 15:14:32.000 MDT,0,1,0,0,0,0,0,0,0,0,0,0,0,0,0,0
188,2016-08-26 15:15:04.000 MDT,0,0,1,0,0,0,0,0,0,0,0,0,0,0,0,0
189,2016-08-26 15:24:51.000 MDT,1,0,0,0,0,0,0,0,0,0,0,0,0,0,0,0
190,2016-08-26 15:30:30.000 MDT,0,1,0,0,0,0,0,0,0,0,0,0,0,0,0,0
191,2016-08-26 15:34:07.000 MDT,0,0,1,0,0,0,0,0,0,0,0,0,0,0,0,0
192,2016-08-26 15:39:11.000 MDT,0,0,1,0,0,0,0,0,0,0,0,0,0,0,0,0
193,2016-08-26 15:41:58.000 MDT,1,0,0,0,0,0,0,0,0,0,0,0,0,0,0,0
194,2016-08-26 15:46:07.000 MDT,0,0,0,1,0,0,0,0,0,0,0,0,0,0,0,0
195,2016-08-26 15:48:30.000 MDT,0,1,0,0,0,0,0,0,0,0,0,0,0,0,0,0
196,2016-08-26 15:56:47.000 MDT,1,0,0,0,0,0,0,0,0,0,0,0,0,0,0,0
197,2016-08-26 15:59:00.000 MDT,0,0,0,0,0,1,0,0,0,0,0,0,0,0,0,0
198,2016-08-26 16:18:05.000 MDT,0,0,0,0,0,1,0,0,0,0,0,0,0,0,0,0
199,2016-08-26 16:25:13.000 MDT,1,0,0,0,0,0,0,0,0,0,0,0,0,0,0,0
200,2016-08-26 16:25:29.000 MDT,0,0,1,0,0,0,0,0,0,0,0,0,0,0,0,0
201,2016-08-26 16:27:41.000 MDT,0,1,0,0,0,0,0,0,0,0,0,0,0,0,0,0
202,2016-08-26 16:41:46.000 MDT,0,0,1,0,0,0,0,0,0,0,0,0,0,0,0,0
203,2016-08-26 16:42:09.000 MDT,0,1,0,0,0,0,0,0,0,0,0,0,0,0,0,0
204,2016-08-26 16:43:41.000 MDT,1,0,0,0,0,0,0,0,0,0,0,0,0,0,0,0
205,2016-08-26 16:46:15.000 MDT,0,0,1,0,0,0,0,0,0,0,0,0,0,0,0,0
206,2016-08-26 16:47:44.000 MDT,0,0,0,0,1,0,0,0,0,0,0,0,0,0,0,0
207,2016-08-26 17:00:09.000 MDT,1,0,0,0,0,0,0,0,0,0,0,0,0,0,0,0
208,2016-08-26 17:12:52.000 MDT,0,1,0,0,0,0,0,0,0,0,0,0,0,0,0,0
209,2016-08-26 17:22:23.000 MDT,0,0,1,0,0,0,0,0,0,0,0,0,0,0,0,0
210,2016-08-26 17:31:39.000 MDT,0,1,0,0,0,0,0,0,0,0,0,0,0,0,0,0
211,2016-08-26 17:44:32.000 MDT,0,0,0,0,0,1,0,0,0,0,0,0,0,0,0,0
212,2016-08-26 17:44:55.000 MDT,0,0,0,0,0,1,0,0,0,0,0,0,0,0,0,0
213,2016-08-26 17:52:50.000 MDT,0,1,0,0,0,0,0,0,0,0,0,0,0,0,0,0
214,2016-08-26 17:56:34.000 MDT,1,0,0,0,0,0,0,0,0,0,0,0,0,0,0,0
215,2016-08-26 18:03:21.000 MDT,0,1,0,0,0,0,0,0,0,0,0,0,0,0,0,0
216,2016-08-26 18:06:42.000 MDT,0,0,1,0,0,0,0,0,0,0,0,0,0,0,0,0
217,2016-08-26 18:10:35.000 MDT,0,1,0,0,0,0,0,0,0,0,0,0,0,0,0,0
218,2016-08-26 18:23:57.000 MDT,0,0,1,0,0,0,0,0,0,0,0,0,0,0,0,0
219,2016-08-26 18:42:16.000 MDT,0,0,1,0,0,0,0,0,0,0,0,0,0,0,0,0
220,2016-08-26 18:50:41.000 MDT,0,0,0,0,0,0,1,0,0,0,0,0,0,0,0,0
221,2016-08-26 18:57:35.000 MDT,0,1,0,0,0,0,0,0,0,0,0,0,0,0,0,0
222,2016-08-26 19:05:39.000 MDT,0,0,0,1,0,0,0,0,0,0,0,0,0,0,0,0
223,2016-08-26 19:06:35.000 MDT,0,0,1,0,0,0,0,0,0,0,0,0,0,0,0,0
224,2016-08-26 19:17:47.000 MDT,0,1,0,0,0,0,0,0,0,0,0,0,0,0,0,0
225,2016-08-26 19:20:03.000 MDT,0,1,0,0,0,0,0,0,0,0,0,0,0,0,0,0
226,2016-08-26 19:24:24.000 MDT,0,1,0,0,0,0,0,0,0,0,0,0,0,0,0,0
227,2016-08-26 19:30:30.000 MDT,0,1,0,0,0,0,0,0,0,0,0,0,0,0,0,0
228,2016-08-26 19:42:47.000 MDT,0,0,1,0,0,0,0,0,0,0,0,0,0,0,0,0
229,2016-08-26 19:45:27.000 MDT,0,0,1,0,0,0,0,0,0,0,0,0,0,0,0,0
230,2016-08-26 19:54:48.000 MDT,0,1,0,0,0,0,0,0,0,0,0,0,0,0,0,0
231,2016-08-26 20:07:21.000 MDT,0,0,0,0,0,1,0,0,0,0,0,0,0,0,0,0
232,2016-08-26 20:19:11.000 MDT,0,0,1,0,0,0,0,0,0,0,0,0,0,0,0,0
233,2016-08-26 20:24:59.000 MDT,0,0,1,0,0,0,0,0,0,0,0,0,0,0,0,0
234,2016-08-26 20:27:44.000 MDT,0,0,0,0,0,1,0,0,0,0,0,0,0,0,0,0
235,2016-08-26 21:02:04.000 MDT,0,0,0,0,0,0,1,0,0,0,0,0,0,0,0,0
236,2016-08-26 21:04:42.000 MDT,0,1,0,0,0,0,0,0,0,0,0,0,0,0,0,0
237,2016-08-26 21:13:03.000 MDT,0,1,0,0,0,0,0,0,0,0,0,0,0,0,0,0
238,2016-08-26 21:31:59.000 MDT,0,0,1,0,0,0,0,0,0,0,0,0,0,0,0,0
239,2016-08-26 21:38:42.000 MDT,0,0,1,0,0,0,0,0,0,0,0,0,0,0,0,0
240,2016-08-26 21:46:37.000 MDT,0,1,0,0,0,0,0,0,0,0,0,0,0,0,0,0
241,2016-08-26 21:49:09.000 MDT,1,0,0,0,0,0,0,0,0,0,0,0,0,0,0,0
242,2016-08-26 22:11:38.000 MDT,0,0,0,1,0,0,0,0,0,0,0,0,0,0,0,0
243,2016-08-26 22:24:19.000 MDT,0,0,0,0,1,0,0,0,0,0,0,0,0,0,0,0
244,2016-08-26 22:25:17.000 MDT,0,0,1,0,0,0,0,0,0,0,0,0,0,0,0,0
245,2016-08-26 22:25:33.000 MDT,0,1,0,0,0,0,0,0,0,0,0,0,0,0,0,0
246,2016-08-26 22:38:19.000 MDT,0,0,1,0,0,0,0,0,0,0,0,0,0,0,0,0
247,2016-08-26 22:40:47.000 MDT,1,0,0,0,0,0,0,0,0,0,0,0,0,0,0,0
248,2016-08-26 22:53:38.000 MDT,0,1,0,0,0,0,0,0,0,0,0,0,0,0,0,0
249,2016-08-26 22:54:23.000 MDT,0,1,0,0,0,0,0,0,0,0,0,0,0,0,0,0
250,2016-08-26 22:55:34.000 MDT,0,0,0,0,0,1,0,0,0,0,0,0,0,0,0,0
251,2016-08-26 23:25:42.000 MDT,0,0,1,0,0,0,0,0,0,0,0,0,0,0,0,0
252,2016-08-26 23:32:58.000 MDT,1,0,0,0,0,0,0,0,0,0,0,0,0,0,0,0
253,2016-08-26 23:35:08.000 MDT,0,0,1,0,0,0,0,0,0,0,0,0,0,0,0,0
254,2016-08-26 23:37:18.000 MDT,1,0,0,0,0,0,0,0,0,0,0,0,0,0,0,0
255,2016-08-26 23:38:46.000 MDT,0,1,0,0,0,0,0,0,0,0,0,0,0,0,0,0
256,2016-08-26 23:48:12.000 MDT,0,0,0,0,1,0,0,0,0,0,0,0,0,0,0,0
257,2016-08-27 00:04:12.000 MDT,0,1,0,0,0,0,0,0,0,0,0,0,0,0,0,0
258,2016-08-27 00:16:21.000 MDT,0,0,1,0,0,0,0,0,0,0,0,0,0,0,0,0
259,2016-08-27 00:17:19.000 MDT,0,0,1,0,0,0,0,0,0,0,0,0,0,0,0,0
260,2016-08-27 00:22:54.000 MDT,0,0,0,1,0,0,0,0,0,0,0,0,0,0,0,0
261,2016-08-27 00:34:25.000 MDT,0,0,1,0,0,0,0,0,0,0,0,0,0,0,0,0
262,2016-08-27 00:38:57.000 MDT,0,0,0,0,0,0,1,0,0,0,0,0,0,0,0,0
263,2016-08-27 00:49:37.000 MDT,0,0,1,0,0,0,0,0,0,0,0,0,0,0,0,0
264,2016-08-27 01:06:29.000 MDT,0,0,0,0,0,1,0,0,0,0,0,0,0,0,0,0
265,2016-08-27 01:07:38.000 MDT,1,0,0,0,0,0,0,0,0,0,0,0,0,0,0,0
266,2016-08-27 01:20:47.000 MDT,0,0,1,0,0,0,0,0,0,0,0,0,0,0,0,0
267,2016-08-27 01:24:04.000 MDT,0,0,0,1,0,0,0,0,0,0,0,0,0,0,0,0
268,2016-08-27 01:46:30.000 MDT,0,0,1,0,0,0,0,0,0,0,0,0,0,0,0,0
269,2016-08-27 01:48:52.000 MDT,0,0,0,0,1,0,0,0,0,0,0,0,0,0,0,0
270,2016-08-27 01:56:18.000 MDT,0,0,1,0,0,0,0,0,0,0,0,0,0,0,0,0
271,2016-08-27 02:00:03.000 MDT,0,1,0,0,0,0,0,0,0,0,0,0,0,0,0,0
272,2016-08-27 02:02:20.000 MDT,0,0,1,0,0,0,0,0,0,0,0,0,0,0,0,0
273,2016-08-27 02:04:51.000 MDT,1,0,0,0,0,0,0,0,0,0,0,0,0,0,0,0
274,2016-08-27 02:07:26.000 MDT,0,1,0,0,0,0,0,0,0,0,0,0,0,0,0,0
275,2016-08-27 02:18:56.000 MDT,1,0,0,0,0,0,0,0,0,0,0,0,0,0,0,0
276,2016-08-27 02:24:12.000 MDT,0,1,0,0,0,0,0,0,0,0,0,0,0,0,0,0
277,2016-08-27 02:32:08.000 MDT,0,1,0,0,0,0,0,0,0,0,0,0,0,0,0,0
278,2016-08-27 02:34:23.000 MDT,0,1,0,0,0,0,0,0,0,0,0,0,0,0,0,0
279,2016-08-27 02:41:38.000 MDT,0,1,0,0,0,0,0,0,0,0,0,0,0,0,0,0
280,2016-08-27 02:42:37.000 MDT,0,1,0,0,0,0,0,0,0,0,0,0,0,0,0,0
281,2016-08-27 02:46:17.000 MDT,1,0,0,0,0,0,0,0,0,0,0,0,0,0,0,0
282,2016-08-27 02:48:00.000 MDT,0,1,0,0,0,0,0,0,0,0,0,0,0,0,0,0
283,2016-08-27 02:54:52.000 MDT,1,0,0,0,0,0,0,0,0,0,0,0,0,0,0,0
284,2016-08-27 02:55:21.000 MDT,0,0,1,0,0,0,0,0,0,0,0,0,0,0,0,0
285,2016-08-27 02:59:48.000 MDT,0,0,1,0,0,0,0,0,0,0,0,0,0,0,0,0
286,2016-08-27 03:02:55.000 MDT,1,0,0,0,0,0,0,0,0,0,0,0,0,0,0,0
287,2016-08-27 03:14:29.000 MDT,0,1,0,0,0,0,0,0,0,0,0,0,0,0,0,0
288,2016-08-27 03:18:33.000 MDT,0,0,1,0,0,0,0,0,0,0,0,0,0,0,0,0
289,2016-08-27 03:21:17.000 MDT,0,0,0,0,1,0,0,0,0,0,0,0,0,0,0,0
290,2016-08-27 03:23:24.000 MDT,0,1,0,0,0,0,0,0,0,0,0,0,0,0,0,0
291,2016-08-27 03:32:27.000 MDT,0,1,0,0,0,0,0,0,0,0,0,0,0,0,0,0
292,2016-08-27 03:40:13.000 MDT,0,1,0,0,0,0,0,0,0,0,0,0,0,0,0,0
293,2016-08-27 03:43:33.000 MDT,0,0,1,0,0,0,0,0,0,0,0,0,0,0,0,0
294,2016-08-27 03:49:46.000 MDT,0,0,0,0,0,0,1,0,0,0,0,0,0,0,0,0
295,2016-08-27 03:56:45.000 MDT,0,1,0,0,0,0,0,0,0,0,0,0,0,0,0,0
296,2016-08-27 04:10:15.000 MDT,0,1,0,0,0,0,0,0,0,0,0,0,0,0,0,0
297,2016-08-27 04:15:40.000 MDT,0,1,0,0,0,0,0,0,0,0,0,0,0,0,0,0
298,2016-08-27 04:20:13.000 MDT,0,0,1,0,0,0,0,0,0,0,0,0,0,0,0,0
299,2016-08-27 04:21:59.000 MDT,0,0,0,1,0,0,0,0,0,0,0,0,0,0,0,0
300,2016-08-27 04:23:43.000 MDT,0,1,0,0,0,0,0,0,0,0,0,0,0,0,0,0
301,2016-08-27 04:31:32.000 MDT,1,0,0,0,0,0,0,0,0,0,0,0,0,0,0,0
302,2016-08-27 04:34:38.000 MDT,0,1,0,0,0,0,0,0,0,0,0,0,0,0,0,0
303,2016-08-27 04:36:15.000 MDT,0,0,1,0,0,0,0,0,0,0,0,0,0,0,0,0
304,2016-08-27 04:39:26.000 MDT,0,1,0,0,0,0,0,0,0,0,0,0,0,0,0,0
305,2016-08-27 04:40:34.000 MDT,0,0,0,0,0,0,1,0,0,0,0,0,0,0,0,0
306,2016-08-27 05:00:25.000 MDT,1,0,0,0,0,0,0,0,0,0,0,0,0,0,0,0
307,2016-08-27 05:04:43.000 MDT,0,1,0,0,0,0,0,0,0,0,0,0,0,0,0,0
308,2016-08-27 05:05:05.000 MDT,0,0,0,1,0,0,0,0,0,0,0,0,0,0,0,0
309,2016-08-27 05:10:14.000 MDT,0,0,1,0,0,0,0,0,0,0,0,0,0,0,0,0
310,2016-08-27 05:21:41.000 MDT,0,0,0,0,0,1,0,0,0,0,0,0,0,0,0,0
311,2016-08-27 05:42:41.000 MDT,0,1,0,0,0,0,0,0,0,0,0,0,0,0,0,0
312,2016-08-27 05:43:23.000 MDT,0,0,0,0,0,0,1,0,0,0,0,0,0,0,0,0
313,2016-08-27 05:47:10.000 MDT,0,0,1,0,0,0,0,0,0,0,0,0,0,0,0,0
314,2016-08-27 05:51:48.000 MDT,0,0,1,0,0,0,0,0,0,0,0,0,0,0,0,0
315,2016-08-27 05:54:21.000 MDT,1,0,0,0,0,0,0,0,0,0,0,0,0,0,0,0
316,2016-08-27 05:57:13.000 MDT,0,1,0,0,0,0,0,0,0,0,0,0,0,0,0,0
317,2016-08-27 05:58:14.000 MDT,0,0,1,0,0,0,0,0,0,0,0,0,0,0,0,0
318,2016-08-27 06:00:14.000 MDT,1,0,0,0,0,0,0,0,0,0,0,0,0,0,0,0
319,2016-08-27 06:04:41.000 MDT,0,0,1,0,0,0,0,0,0,0,0,0,0,0,0,0
320,2016-08-27 06:07:21.000 MDT,0,1,0,0,0,0,0,0,0,0,0,0,0,0,0,0
321,2016-08-27 06:12:09.000 MDT,0,1,0,0,0,0,0,0,0,0,0,0,0,0,0,0
322,2016-08-27 06:12:11.000 MDT,1,0,0,0,0,0,0,0,0,0,0,0,0,0,0,0
323,2016-08-27 06:15:27.000 MDT,0,0,1,0,0,0,0,0,0,0,0,0,0,0,0,0
324,2016-08-27 06:15:33.000 MDT,0,0,1,0,0,0,0,0,0,0,0,0,0,0,0,0
325,2016-08-27 06:15:54.000 MDT,0,0,1,0,0,0,0,0,0,0,0,0,0,0,0,0
326,2016-08-27 06:19:22.000 MDT,0,1,0,0,0,0,0,0,0,0,0,0,0,0,0,0
327,2016-08-27 06:19:30.000 MDT,1,0,0,0,0,0,0,0,0,0,0,0,0,0,0,0
328,2016-08-27 06:27:02.000 MDT,0,0,1,0,0,0,0,0,0,0,0,0,0,0,0,0
329,2016-08-27 06:33:08.000 MDT,0,1,0,0,0,0,0,0,0,0,0,0,0,0,0,0
330,2016-08-27 06:33:09.000 MDT,0,0,1,0,0,0,0,0,0,0,0,0,0,0,0,0
331,2016-08-27 06:34:23.000 MDT,0,0,1,0,0,0,0,0,0,0,0,0,0,0,0,0
332,2016-08-27 06:37:37.000 MDT,0,1,0,0,0,0,0,0,0,0,0,0,0,0,0,0
333,2016-08-27 06:37:39.000 MDT,0,0,1,0,0,0,0,0,0,0,0,0,0,0,0,0
334,2016-08-27 06:38:33.000 MDT,1,0,0,0,0,0,0,0,0,0,0,0,0,0,0,0
335,2016-08-27 06:39:57.000 MDT,1,0,0,0,0,0,0,0,0,0,0,0,0,0,0,0
336,2016-08-27 07:01:21.000 MDT,0,0,1,0,0,0,0,0,0,0,0,0,0,0,0,0
337,2016-08-27 07:02:03.000 MDT,0,1,0,0,0,0,0,0,0,0,0,0,0,0,0,0
338,2016-08-27 07:04:41.000 MDT,1,0,0,0,0,0,0,0,0,0,0,0,0,0,0,0
339,2016-08-27 07:12:00.000 MDT,0,0,1,0,0,0,0,0,0,0,0,0,0,0,0,0
340,2016-08-27 07:21:07.000 MDT,0,0,0,0,1,0,0,0,0,0,0,0,0,0,0,0
341,2016-08-27 07:21:51.000 MDT,0,1,0,0,0,0,0,0,0,0,0,0,0,0,0,0
342,2016-08-27 07:32:04.000 MDT,0,0,1,0,0,0,0,0,0,0,0,0,0,0,0,0
343,2016-08-27 07:35:25.000 MDT,1,0,0,0,0,0,0,0,0,0,0,0,0,0,0,0
344,2016-08-27 07:53:46.000 MDT,0,0,1,0,0,0,0,0,0,0,0,0,0,0,0,0
345,2016-08-27 08:10:35.000 MDT,0,1,0,0,0,0,0,0,0,0,0,0,0,0,0,0
346,2016-08-27 08:22:33.000 MDT,0,0,1,0,0,0,0,0,0,0,0,0,0,0,0,0
347,2016-08-27 08:25:04.000 MDT,0,1,0,0,0,0,0,0,0,0,0,0,0,0,0,0
348,2016-08-27 08:25:50.000 MDT,0,0,1,0,0,0,0,0,0,0,0,0,0,0,0,0
349,2016-08-27 08:33:19.000 MDT,0,0,1,0,0,0,0,0,0,0,0,0,0,0,0,0
350,2016-08-27 08:37:54.000 MDT,0,0,0,1,0,0,0,0,0,0,0,0,0,0,0,0
351,2016-08-27 08:43:36.000 MDT,1,0,0,0,0,0,0,0,0,0,0,0,0,0,0,0
352,2016-08-27 08:46:11.000 MDT,0,1,0,0,0,0,0,0,0,0,0,0,0,0,0,0
353,2016-08-27 08:52:16.000 MDT,1,0,0,0,0,0,0,0,0,0,0,0,0,0,0,0
354,2016-08-27 09:06:41.000 MDT,0,0,0,0,0,1,0,0,0,0,0,0,0,0,0,0
355,2016-08-27 09:15:42.000 MDT,0,0,0,0,0,0,1,0,0,0,0,0,0,0,0,0
356,2016-08-27 09:16:08.000 MDT,1,0,0,0,0,0,0,0,0,0,0,0,0,0,0,0
357,2016-08-27 09:17:34.000 MDT,0,0,1,0,0,0,0,0,0,0,0,0,0,0,0,0
358,2016-08-27 09:18:49.000 MDT,0,0,1,0,0,0,0,0,0,0,0,0,0,0,0,0
359,2016-08-27 09:19:02.000 MDT,0,1,0,0,0,0,0,0,0,0,0,0,0,0,0,0
360,2016-08-27 09:20:14.000 MDT,1,0,0,0,0,0,0,0,0,0,0,0,0,0,0,0
361,2016-08-27 09:27:12.000 MDT,1,0,0,0,0,0,0,0,0,0,0,0,0,0,0,0
362,2016-08-27 09:29:59.000 MDT,0,1,0,0,0,0,0,0,0,0,0,0,0,0,0,0
363,2016-08-27 09:31:42.000 MDT,0,0,0,0,0,1,0,0,0,0,0,0,0,0,0,0
364,2016-08-27 09:31:55.000 MDT,0,0,1,0,0,0,0,0,0,0,0,0,0,0,0,0
365,2016-08-27 09:45:21.000 MDT,0,0,1,0,0,0,0,0,0,0,0,0,0,0,0,0
366,2016-08-27 09:47:11.000 MDT,0,0,1,0,0,0,0,0,0,0,0,0,0,0,0,0
367,2016-08-27 09:49:08.000 MDT,0,0,0,1,0,0,0,0,0,0,0,0,0,0,0,0
368,2016-08-27 09:51:13.000 MDT,0,1,0,0,0,0,0,0,0,0,0,0,0,0,0,0
369,2016-08-27 09:53:33.000 MDT,0,0,1,0,0,0,0,0,0,0,0,0,0,0,0,0
370,2016-08-27 09:53:57.000 MDT,0,0,1,0,0,0,0,0,0,0,0,0,0,0,0,0
371,2016-08-27 09:56:56.000 MDT,0,0,0,0,0,0,1,0,0,0,0,0,0,0,0,0
372,2016-08-27 10:16:11.000 MDT,0,1,0,0,0,0,0,0,0,0,0,0,0,0,0,0
373,2016-08-27 10:18:07.000 MDT,1,0,0,0,0,0,0,0,0,0,0,0,0,0,0,0
374,2016-08-27 10:29:46.000 MDT,0,1,0,0,0,0,0,0,0,0,0,0,0,0,0,0
375,2016-08-27 10:29:51.000 MDT,0,0,1,0,0,0,0,0,0,0,0,0,0,0,0,0
376,2016-08-27 10:37:04.000 MDT,0,1,0,0,0,0,0,0,0,0,0,0,0,0,0,0
377,2016-08-27 10:50:20.000 MDT,0,1,0,0,0,0,0,0,0,0,0,0,0,0,0,0
378,2016-08-27 11:04:56.000 MDT,1,0,0,0,0,0,0,0,0,0,0,0,0,0,0,0
379,2016-08-27 11:19:47.000 MDT,1,0,0,0,0,0,0,0,0,0,0,0,0,0,0,0
380,2016-08-27 11:25:33.000 MDT,0,0,1,0,0,0,0,0,0,0,0,0,0,0,0,0
381,2016-08-27 11:35:20.000 MDT,0,0,0,0,0,0,0,0,0,1,0,0,0,0,0,0
382,2016-08-27 11:37:07.000 MDT,0,0,1,0,0,0,0,0,0,0,0,0,0,0,0,0
383,2016-08-27 11:46:40.000 MDT,0,0,1,0,0,0,0,0,0,0,0,0,0,0,0,0
384,2016-08-27 11:48:15.000 MDT,0,1,0,0,0,0,0,0,0,0,0,0,0,0,0,0
385,2016-08-27 11:49:59.000 MDT,0,1,0,0,0,0,0,0,0,0,0,0,0,0,0,0
386,2016-08-27 11:52:19.000 MDT,0,1,0,0,0,0,0,0,0,0,0,0,0,0,0,0
387,2016-08-27 11:57:19.000 MDT,1,0,0,0,0,0,0,0,0,0,0,0,0,0,0,0
388,2016-08-27 11:59:40.000 MDT,1,0,0,0,0,0,0,0,0,0,0,0,0,0,0,0
389,2016-08-27 12:14:40.000 MDT,0,0,1,0,0,0,0,0,0,0,0,0,0,0,0,0
390,2016-08-27 12:17:21.000 MDT,0,1,0,0,0,0,0,0,0,0,0,0,0,0,0,0
391,2016-08-27 12:19:11.000 MDT,0,0,0,0,1,0,0,0,0,0,0,0,0,0,0,0
392,2016-08-27 12:24:11.000 MDT,1,0,0,0,0,0,0,0,0,0,0,0,0,0,0,0
393,2016-08-27 12:26:24.000 MDT,0,0,1,0,0,0,0,0,0,0,0,0,0,0,0,0
394,2016-08-27 12:29:08.000 MDT,0,0,1,0,0,0,0,0,0,0,0,0,0,0,0,0
395,2016-08-27 12:30:35.000 MDT,0,1,0,0,0,0,0,0,0,0,0,0,0,0,0,0
396,2016-08-27 12:32:35.000 MDT,0,0,0,1,0,0,0,0,0,0,0,0,0,0,0,0
397,2016-08-27 12:40:55.000 MDT,0,1,0,0,0,0,0,0,0,0,0,0,0,0,0,0
398,2016-08-27 12:44:02.000 MDT,1,0,0,0,0,0,0,0,0,0,0,0,0,0,0,0
399,2016-08-27 12:48:43.000 MDT,0,0,1,0,0,0,0,0,0,0,0,0,0,0,0,0
400,2016-08-27 12:52:59.000 MDT,0,0,0,1,0,0,0,0,0,0,0,0,0,0,0,0
401,2016-08-27 13:00:19.000 MDT,0,1,0,0,0,0,0,0,0,0,0,0,0,0,0,0
402,2016-08-27 13:09:55.000 MDT,1,0,0,0,0,0,0,0,0,0,0,0,0,0,0,0
403,2016-08-27 13:12:46.000 MDT,0,0,1,0,0,0,0,0,0,0,0,0,0,0,0,0
404,2016-08-27 13:16:33.000 MDT,0,1,0,0,0,0,0,0,0,0,0,0,0,0,0,0
405,2016-08-27 13:23:25.000 MDT,0,1,0,0,0,0,0,0,0,0,0,0,0,0,0,0
406,2016-08-27 13:35:12.000 MDT,0,0,0,0,0,0,1,0,0,0,0,0,0,0,0,0
407,2016-08-27 13:35:37.000 MDT,0,0,0,1,0,0,0,0,0,0,0,0,0,0,0,0
408,2016-08-27 13:36:25.000 MDT,0,1,0,0,0,0,0,0,0,0,0,0,0,0,0,0
409,2016-08-27 13:44:52.000 MDT,0,0,1,0,0,0,0,0,0,0,0,0,0,0,0,0
410,2016-08-27 13:47:32.000 MDT,0,1,0,0,0,0,0,0,0,0,0,0,0,0,0,0
411,2016-08-27 13:58:59.000 MDT,0,1,0,0,0,0,0,0,0,0,0,0,0,0,0,0
412,2016-08-27 14:08:08.000 MDT,0,1,0,0,0,0,0,0,0,0,0,0,0,0,0,0
413,2016-08-27 14:11:23.000 MDT,0,0,0,0,1,0,0,0,0,0,0,0,0,0,0,0
414,2016-08-27 14:17:16.000 MDT,0,1,0,0,0,0,0,0,0,0,0,0,0,0,0,0
415,2016-08-27 14:31:29.000 MDT,1,0,0,0,0,0,0,0,0,0,0,0,0,0,0,0
416,2016-08-27 14:31:30.000 MDT,1,0,0,0,0,0,0,0,0,0,0,0,0,0,0,0
417,2016-08-27 14:35:40.000 MDT,1,0,0,0,0,0,0,0,0,0,0,0,0,0,0,0
418,2016-08-27 14:49:23.000 MDT,0,1,0,0,0,0,0,0,0,0,0,0,0,0,0,0
419,2016-08-27 14:50:09.000 MDT,0,0,0,1,0,0,0,0,0,0,0,0,0,0,0,0
420,2016-08-27 14:51:24.000 MDT,0,1,0,0,0,0,0,0,0,0,0,0,0,0,0,0
421,2016-08-27 15:00:46.000 MDT,0,1,0,0,0,0,0,0,0,0,0,0,0,0,0,0
422,2016-08-27 15:07:22.000 MDT,1,0,0,0,0,0,0,0,0,0,0,0,0,0,0,0
423,2016-08-27 15:20:18.000 MDT,0,0,1,0,0,0,0,0,0,0,0,0,0,0,0,0
424,2016-08-27 15:57:00.000 MDT,0,0,1,0,0,0,0,0,0,0,0,0,0,0,0,0
425,2016-08-27 15:58:21.000 MDT,0,1,0,0,0,0,0,0,0,0,0,0,0,0,0,0
426,2016-08-27 15:58:52.000 MDT,0,0,0,0,1,0,0,0,0,0,0,0,0,0,0,0
427,2016-08-27 16:02:55.000 MDT,0,1,0,0,0,0,0,0,0,0,0,0,0,0,0,0
428,2016-08-27 16:07:53.000 MDT,0,1,0,0,0,0,0,0,0,0,0,0,0,0,0,0
429,2016-08-27 16:13:07.000 MDT,1,0,0,0,0,0,0,0,0,0,0,0,0,0,0,0
430,2016-08-27 16:17:29.000 MDT,0,0,0,0,0,0,0,0,0,1,0,0,0,0,0,0
431,2016-08-27 16:20:56.000 MDT,0,0,0,0,1,0,0,0,0,0,0,0,0,0,0,0
432,2016-08-27 16:29:02.000 MDT,0,1,0,0,0,0,0,0,0,0,0,0,0,0,0,0
433,2016-08-27 16:30:41.000 MDT,0,0,1,0,0,0,0,0,0,0,0,0,0,0,0,0
434,2016-08-27 16:46:53.000 MDT,0,0,1,0,0,0,0,0,0,0,0,0,0,0,0,0
435,2016-08-27 16:49:23.000 MDT,0,0,1,0,0,0,0,0,0,0,0,0,0,0,0,0
436,2016-08-27 17:00:04.000 MDT,0,0,0,1,0,0,0,0,0,0,0,0,0,0,0,0
437,2016-08-27 17:02:00.000 MDT,0,1,0,0,0,0,0,0,0,0,0,0,0,0,0,0
438,2016-08-27 17:03:59.000 MDT,1,0,0,0,0,0,0,0,0,0,0,0,0,0,0,0
439,2016-08-27 17:05:11.000 MDT,0,1,0,0,0,0,0,0,0,0,0,0,0,0,0,0
440,2016-08-27 17:06:26.000 MDT,1,0,0,0,0,0,0,0,0,0,0,0,0,0,0,0
441,2016-08-27 17:09:47.000 MDT,0,0,0,0,0,0,1,0,0,0,0,0,0,0,0,0
442,2016-08-27 17:11:05.000 MDT,0,0,1,0,0,0,0,0,0,0,0,0,0,0,0,0
443,2016-08-27 17:12:58.000 MDT,0,1,0,0,0,0,0,0,0,0,0,0,0,0,0,0
444,2016-08-27 17:17:32.000 MDT,0,1,0,0,0,0,0,0,0,0,0,0,0,0,0,0
445,2016-08-27 17:21:53.000 MDT,0,0,0,1,0,0,0,0,0,0,0,0,0,0,0,0
446,2016-08-27 17:23:29.000 MDT,0,1,0,0,0,0,0,0,0,0,0,0,0,0,0,0
447,2016-08-27 17:26:05.000 MDT,0,0,1,0,0,0,0,0,0,0,0,0,0,0,0,0
448,2016-08-27 17:26:07.000 MDT,0,0,0,0,0,0,1,0,0,0,0,0,0,0,0,0
449,2016-08-27 17:37:36.000 MDT,0,0,1,0,0,0,0,0,0,0,0,0,0,0,0,0
450,2016-08-27 17:48:45.000 MDT,1,0,0,0,0,0,0,0,0,0,0,0,0,0,0,0
451,2016-08-27 18:14:48.000 MDT,0,0,0,0,1,0,0,0,0,0,0,0,0,0,0,0
452,2016-08-27 18:20:24.000 MDT,0,1,0,0,0,0,0,0,0,0,0,0,0,0,0,0
453,2016-08-27 18:23:53.000 MDT,0,1,0,0,0,0,0,0,0,0,0,0,0,0,0,0
454,2016-08-27 18:24:00.000 MDT,1,0,0,0,0,0,0,0,0,0,0,0,0,0,0,0
455,2016-08-27 18:33:56.000 MDT,0,0,1,0,0,0,0,0,0,0,0,0,0,0,0,0
456,2016-08-27 18:34:13.000 MDT,0,1,0,0,0,0,0,0,0,0,0,0,0,0,0,0
457,2016-08-27 18:44:37.000 MDT,1,0,0,0,0,0,0,0,0,0,0,0,0,0,0,0
458,2016-08-27 18:47:13.000 MDT,1,0,0,0,0,0,0,0,0,0,0,0,0,0,0,0
459,2016-08-27 18:52:03.000 MDT,0,1,0,0,0,0,0,0,0,0,0,0,0,0,0,0
460,2016-08-27 19:05:10.000 MDT,0,1,0,0,0,0,0,0,0,0,0,0,0,0,0,0
461,2016-08-27 19:30:04.000 MDT,0,0,0,0,1,0,0,0,0,0,0,0,0,0,0,0
462,2016-08-27 19:41:34.000 MDT,0,0,0,0,0,0,1,0,0,0,0,0,0,0,0,0
463,2016-08-27 19:46:51.000 MDT,1,0,0,0,0,0,0,0,0,0,0,0,0,0,0,0
464,2016-08-27 19:48:04.000 MDT,0,1,0,0,0,0,0,0,0,0,0,0,0,0,0,0
465,2016-08-27 19:52:15.000 MDT,0,1,0,0,0,0,0,0,0,0,0,0,0,0,0,0
466,2016-08-27 19:55:22.000 MDT,0,0,0,1,0,0,0,0,0,0,0,0,0,0,0,0
467,2016-08-27 20:06:43.000 MDT,1,0,0,0,0,0,0,0,0,0,0,0,0,0,0,0
468,2016-08-27 20:06:45.000 MDT,1,0,0,0,0,0,0,0,0,0,0,0,0,0,0,0
469,2016-08-27 20:07:05.000 MDT,0,0,1,0,0,0,0,0,0,0,0,0,0,0,0,0
470,2016-08-27 20:15:06.000 MDT,0,0,1,0,0,0,0,0,0,0,0,0,0,0,0,0
471,2016-08-27 20:21:20.000 MDT,0,0,0,0,0,0,1,0,0,0,0,0,0,0,0,0
472,2016-08-27 20:22:20.000 MDT,0,0,1,0,0,0,0,0,0,0,0,0,0,0,0,0
473,2016-08-27 20:26:11.000 MDT,0,0,1,0,0,0,0,0,0,0,0,0,0,0,0,0
474,2016-08-27 20:27:58.000 MDT,0,0,1,0,0,0,0,0,0,0,0,0,0,0,0,0
475,2016-08-27 20:41:36.000 MDT,0,1,0,0,0,0,0,0,0,0,0,0,0,0,0,0
476,2016-08-27 20:51:12.000 MDT,0,0,1,0,0,0,0,0,0,0,0,0,0,0,0,0
477,2016-08-27 20:56:13.000 MDT,0,0,1,0,0,0,0,0,0,0,0,0,0,0,0,0
478,2016-08-27 20:59:01.000 MDT,0,0,0,1,0,0,0,0,0,0,0,0,0,0,0,0
479,2016-08-27 20:59:53.000 MDT,0,1,0,0,0,0,0,0,0,0,0,0,0,0,0,0
480,2016-08-27 21:04:21.000 MDT,0,0,0,0,0,1,0,0,0,0,0,0,0,0,0,0
481,2016-08-27 21:04:34.000 MDT,0,1,0,0,0,0,0,0,0,0,0,0,0,0,0,0
482,2016-08-27 21:15:50.000 MDT,0,0,1,0,0,0,0,0,0,0,0,0,0,0,0,0
483,2016-08-27 21:21:54.000 MDT,0,1,0,0,0,0,0,0,0,0,0,0,0,0,0,0
484,2016-08-27 21:29:33.000 MDT,0,0,1,0,0,0,0,0,0,0,0,0,0,0,0,0
485,2016-08-27 21:36:22.000 MDT,1,0,0,0,0,0,0,0,0,0,0,0,0,0,0,0
486,2016-08-27 21:44:39.000 MDT,0,0,1,0,0,0,0,0,0,0,0,0,0,0,0,0
487,2016-08-27 22:13:39.000 MDT,0,1,0,0,0,0,0,0,0,0,0,0,0,0,0,0
488,2016-08-27 22:19:08.000 MDT,0,0,0,0,0,0,1,0,0,0,0,0,0,0,0,0
489,2016-08-27 22:20:27.000 MDT,0,0,0,0,1,0,0,0,0,0,0,0,0,0,0,0
490,2016-08-27 22:21:25.000 MDT,0,1,0,0,0,0,0,0,0,0,0,0,0,0,0,0
491,2016-08-27 22:23:17.000 MDT,0,0,1,0,0,0,0,0,0,0,0,0,0,0,0,0
492,2016-08-27 22:26:15.000 MDT,1,0,0,0,0,0,0,0,0,0,0,0,0,0,0,0
493,2016-08-27 22:35:37.000 MDT,0,0,1,0,0,0,0,0,0,0,0,0,0,0,0,0
494,2016-08-27 22:40:33.000 MDT,0,0,0,0,1,0,0,0,0,0,0,0,0,0,0,0
495,2016-08-27 23:05:36.000 MDT,0,1,0,0,0,0,0,0,0,0,0,0,0,0,0,0
496,2016-08-27 23:11:38.000 MDT,0,0,1,0,0,0,0,0,0,0,0,0,0,0,0,0
497,2016-08-27 23:17:22.000 MDT,0,1,0,0,0,0,0,0,0,0,0,0,0,0,0,0
498,2016-08-27 23:19:34.000 MDT,0,0,1,0,0,0,0,0,0,0,0,0,0,0,0,0
499,2016-08-27 23:39:52.000 MDT,0,1,0,0,0,0,0,0,0,0,0,0,0,0,0,0
500,2016-08-27 23:42:56.000 MDT,1,0,0,0,0,0,0,0,0,0,0,0,0,0,0,0
501,2016-08-27 23:43:22.000 MDT,0,0,0,0,1,0,0,0,0,0,0,0,0,0,0,0
502,2016-08-27 23:44:56.000 MDT,0,1,0,0,0,0,0,0,0,0,0,0,0,0,0,0
503,2016-08-27 23:45:05.000 MDT,0,0,0,0,1,0,0,0,0,0,0,0,0,0,0,0
504,2016-08-27 23:52:31.000 MDT,0,0,0,0,0,0,1,0,0,0,0,0,0,0,0,0
505,2016-08-27 23:54:16.000 MDT,0,1,0,0,0,0,0,0,0,0,0,0,0,0,0,0
506,2016-08-27 23:56:22.000 MDT,0,0,1,0,0,0,0,0,0,0,0,0,0,0,0,0
507,2016-08-27 23:58:58.000 MDT,0,0,0,0,0,0,1,0,0,0,0,0,0,0,0,0
508,2016-08-28 00:15:15.000 MDT,0,0,1,0,0,0,0,0,0,0,0,0,0,0,0,0
509,2016-08-28 00:20:36.000 MDT,0,1,0,0,0,0,0,0,0,0,0,0,0,0,0,0
510,2016-08-28 00:20:42.000 MDT,1,0,0,0,0,0,0,0,0,0,0,0,0,0,0,0
511,2016-08-28 00:23:38.000 MDT,0,0,1,0,0,0,0,0,0,0,0,0,0,0,0,0
512,2016-08-28 00:40:06.000 MDT,0,0,1,0,0,0,0,0,0,0,0,0,0,0,0,0
513,2016-08-28 00:53:37.000 MDT,1,0,0,0,0,0,0,0,0,0,0,0,0,0,0,0
514,2016-08-28 00:59:35.000 MDT,0,0,0,0,0,1,0,0,0,0,0,0,0,0,0,0
515,2016-08-28 01:03:35.000 MDT,0,1,0,0,0,0,0,0,0,0,0,0,0,0,0,0
516,2016-08-28 01:03:45.000 MDT,0,0,0,0,0,1,0,0,0,0,0,0,0,0,0,0
517,2016-08-28 01:11:10.000 MDT,1,0,0,0,0,0,0,0,0,0,0,0,0,0,0,0
518,2016-08-28 01:20:06.000 MDT,1,0,0,0,0,0,0,0,0,0,0,0,0,0,0,0
519,2016-08-28 01:23:11.000 MDT,1,0,0,0,0,0,0,0,0,0,0,0,0,0,0,0
520,2016-08-28 01:30:26.000 MDT,0,0,1,0,0,0,0,0,0,0,0,0,0,0,0,0
521,2016-08-28 01:34:49.000 MDT,0,1,0,0,0,0,0,0,0,0,0,0,0,0,0,0
522,2016-08-28 01:46:56.000 MDT,1,0,0,0,0,0,0,0,0,0,0,0,0,0,0,0
523,2016-08-28 01:48:32.000 MDT,0,0,1,0,0,0,0,0,0,0,0,0,0,0,0,0
524,2016-08-28 01:54:09.000 MDT,0,1,0,0,0,0,0,0,0,0,0,0,0,0,0,0
525,2016-08-28 01:59:28.000 MDT,0,0,1,0,0,0,0,0,0,0,0,0,0,0,0,0
526,2016-08-28 01:59:51.000 MDT,0,1,0,0,0,0,0,0,0,0,0,0,0,0,0,0
527,2016-08-28 02:04:04.000 MDT,1,0,0,0,0,0,0,0,0,0,0,0,0,0,0,0
528,2016-08-28 02:05:03.000 MDT,0,0,1,0,0,0,0,0,0,0,0,0,0,0,0,0
529,2016-08-28 02:26:00.000 MDT,0,0,1,0,0,0,0,0,0,0,0,0,0,0,0,0
530,2016-08-28 02:27:01.000 MDT,1,0,0,0,0,0,0,0,0,0,0,0,0,0,0,0
531,2016-08-28 02:34:40.000 MDT,0,0,1,0,0,0,0,0,0,0,0,0,0,0,0,0
532,2016-08-28 02:39:17.000 MDT,0,0,0,0,0,0,1,0,0,0,0,0,0,0,0,0
533,2016-08-28 02:44:19.000 MDT,0,0,1,0,0,0,0,0,0,0,0,0,0,0,0,0
534,2016-08-28 02:49:50.000 MDT,0,1,0,0,0,0,0,0,0,0,0,0,0,0,0,0
535,2016-08-28 02:54:18.000 MDT,0,0,0,0,0,0,1,0,0,0,0,0,0,0,0,0
536,2016-08-28 03:00:48.000 MDT,0,1,0,0,0,0,0,0,0,0,0,0,0,0,0,0
537,2016-08-28 03:02:27.000 MDT,0,0,1,0,0,0,0,0,0,0,0,0,0,0,0,0
538,2016-08-28 03:12:18.000 MDT,0,1,0,0,0,0,0,0,0,0,0,0,0,0,0,0
539,2016-08-28 03:14:38.000 MDT,0,1,0,0,0,0,0,0,0,0,0,0,0,0,0,0
540,2016-08-28 03:14:47.000 MDT,1,0,0,0,0,0,0,0,0,0,0,0,0,0,0,0
541,2016-08-28 03:18:16.000 MDT,0,0,1,0,0,0,0,0,0,0,0,0,0,0,0,0
542,2016-08-28 03:20:50.000 MDT,1,0,0,0,0,0,0,0,0,0,0,0,0,0,0,0
543,2016-08-28 03:27:20.000 MDT,0,1,0,0,0,0,0,0,0,0,0,0,0,0,0,0
544,2016-08-28 03:30:04.000 MDT,1,0,0,0,0,0,0,0,0,0,0,0,0,0,0,0
545,2016-08-28 03:33:56.000 MDT,0,0,0,0,1,0,0,0,0,0,0,0,0,0,0,0
546,2016-08-28 03:33:58.000 MDT,0,0,1,0,0,0,0,0,0,0,0,0,0,0,0,0
547,2016-08-28 03:38:53.000 MDT,0,0,1,0,0,0,0,0,0,0,0,0,0,0,0,0
548,2016-08-28 03:46:59.000 MDT,0,0,1,0,0,0,0,0,0,0,0,0,0,0,0,0
549,2016-08-28 03:49:18.000 MDT,1,0,0,0,0,0,0,0,0,0,0,0,0,0,0,0
550,2016-08-28 04:01:18.000 MDT,0,0,1,0,0,0,0,0,0,0,0,0,0,0,0,0
551,2016-08-28 04:03:28.000 MDT,1,0,0,0,0,0,0,0,0,0,0,0,0,0,0,0
552,2016-08-28 04:13:00.000 MDT,0,1,0,0,0,0,0,0,0,0,0,0,0,0,0,0
553,2016-08-28 04:23:26.000 MDT,0,1,0,0,0,0,0,0,0,0,0,0,0,0,0,0
554,2016-08-28 04:29:44.000 MDT,1,0,0,0,0,0,0,0,0,0,0,0,0,0,0,0
555,2016-08-28 04:30:15.000 MDT,0,1,0,0,0,0,0,0,0,0,0,0,0,0,0,0
556,2016-08-28 04:31:17.000 MDT,0,0,1,0,0,0,0,0,0,0,0,0,0,0,0,0
557,2016-08-28 04:33:59.000 MDT,0,0,1,0,0,0,0,0,0,0,0,0,0,0,0,0
558,2016-08-28 04:34:49.000 MDT,0,1,0,0,0,0,0,0,0,0,0,0,0,0,0,0
559,2016-08-28 04:46:45.000 MDT,1,0,0,0,0,0,0,0,0,0,0,0,0,0,0,0
560,2016-08-28 04:51:58.000 MDT,0,0,1,0,0,0,0,0,0,0,0,0,0,0,0,0
561,2016-08-28 04:52:04.000 MDT,0,0,1,0,0,0,0,0,0,0,0,0,0,0,0,0
562,2016-08-28 04:56:47.000 MDT,0,1,0,0,0,0,0,0,0,0,0,0,0,0,0,0
563,2016-08-28 05:07:44.000 MDT,1,0,0,0,0,0,0,0,0,0,0,0,0,0,0,0
564,2016-08-28 05:08:43.000 MDT,0,1,0,0,0,0,0,0,0,0,0,0,0,0,0,0
565,2016-08-28 05:23:03.000 MDT,1,0,0,0,0,0,0,0,0,0,0,0,0,0,0,0
566,2016-08-28 05:28:32.000 MDT,1,0,0,0,0,0,0,0,0,0,0,0,0,0,0,0
567,2016-08-28 05:29:58.000 MDT,0,0,1,0,0,0,0,0,0,0,0,0,0,0,0,0
568,2016-08-28 05:30:40.000 MDT,0,1,0,0,0,0,0,0,0,0,0,0,0,0,0,0
569,2016-08-28 05:33:02.000 MDT,1,0,0,0,0,0,0,0,0,0,0,0,0,0,0,0
570,2016-08-28 05:56:33.000 MDT,0,1,0,0,0,0,0,0,0,0,0,0,0,0,0,0
571,2016-08-28 06:00:49.000 MDT,1,0,0,0,0,0,0,0,0,0,0,0,0,0,0,0
572,2016-08-28 06:06:06.000 MDT,0,1,0,0,0,0,0,0,0,0,0,0,0,0,0,0
573,2016-08-28 06:17:05.000 MDT,0,1,0,0,0,0,0,0,0,0,0,0,0,0,0,0
574,2016-08-28 06:20:21.000 MDT,0,1,0,0,0,0,0,0,0,0,0,0,0,0,0,0
575,2016-08-28 06:44:04.000 MDT,0,0,1,0,0,0,0,0,0,0,0,0,0,0,0,0
576,2016-08-28 07:06:08.000 MDT,0,1,0,0,0,0,0,0,0,0,0,0,0,0,0,0
577,2016-08-28 07:08:44.000 MDT,0,1,0,0,0,0,0,0,0,0,0,0,0,0,0,0
578,2016-08-28 07:10:37.000 MDT,0,0,0,1,0,0,0,0,0,0,0,0,0,0,0,0
579,2016-08-28 07:17:02.000 MDT,0,1,0,0,0,0,0,0,0,0,0,0,0,0,0,0
580,2016-08-28 07:21:22.000 MDT,0,0,0,0,0,0,1,0,0,0,0,0,0,0,0,0
581,2016-08-28 07:33:14.000 MDT,0,0,0,0,1,0,0,0,0,0,0,0,0,0,0,0
582,2016-08-28 07:34:19.000 MDT,0,0,1,0,0,0,0,0,0,0,0,0,0,0,0,0
583,2016-08-28 07:47:41.000 MDT,1,0,0,0,0,0,0,0,0,0,0,0,0,0,0,0
584,2016-08-28 07:52:20.000 MDT,0,1,0,0,0,0,0,0,0,0,0,0,0,0,0,0
585,2016-08-28 08:10:09.000 MDT,0,0,1,0,0,0,0,0,0,0,0,0,0,0,0,0
586,2016-08-28 08:14:51.000 MDT,0,0,0,0,0,1,0,0,0,0,0,0,0,0,0,0
587,2016-08-28 08:20:23.000 MDT,0,0,1,0,0,0,0,0,0,0,0,0,0,0,0,0
588,2016-08-28 08:24:30.000 MDT,0,0,0,1,0,0,0,0,0,0,0,0,0,0,0,0
589,2016-08-28 08:31:31.000 MDT,0,1,0,0,0,0,0,0,0,0,0,0,0,0,0,0
590,2016-08-28 08:50:30.000 MDT,0,0,1,0,0,0,0,0,0,0,0,0,0,0,0,0
591,2016-08-28 08:56:05.000 MDT,1,0,0,0,0,0,0,0,0,0,0,0,0,0,0,0
592,2016-08-28 09:15:09.000 MDT,0,0,1,0,0,0,0,0,0,0,0,0,0,0,0,0
593,2016-08-28 09:24:51.000 MDT,1,0,0,0,0,0,0,0,0,0,0,0,0,0,0,0
594,2016-08-28 09:34:45.000 MDT,0,0,0,0,0,1,0,0,0,0,0,0,0,0,0,0
595,2016-08-28 09:36:37.000 MDT,0,0,1,0,0,0,0,0,0,0,0,0,0,0,0,0
596,2016-08-28 09:45:30.000 MDT,0,1,0,0,0,0,0,0,0,0,0,0,0,0,0,0
597,2016-08-28 09:59:25.000 MDT,0,0,1,0,0,0,0,0,0,0,0,0,0,0,0,0
598,2016-08-28 10:19:46.000 MDT,0,0,1,0,0,0,0,0,0,0,0,0,0,0,0,0
599,2016-08-28 10:23:37.000 MDT,0,0,1,0,0,0,0,0,0,0,0,0,0,0,0,0
600,2016-08-28 10:27:43.000 MDT,0,1,0,0,0,0,0,0,0,0,0,0,0,0,0,0
601,2016-08-28 10:30:58.000 MDT,1,0,0,0,0,0,0,0,0,0,0,0,0,0,0,0
602,2016-08-28 10:36:29.000 MDT,0,0,0,0,0,0,0,1,0,0,0,0,0,0,0,0
603,2016-08-28 10:57:20.000 MDT,0,1,0,0,0,0,0,0,0,0,0,0,0,0,0,0
604,2016-08-28 10:58:20.000 MDT,0,1,0,0,0,0,0,0,0,0,0,0,0,0,0,0
605,2016-08-28 10:59:20.000 MDT,0,0,1,0,0,0,0,0,0,0,0,0,0,0,0,0
606,2016-08-28 11:00:47.000 MDT,0,0,0,0,1,0,0,0,0,0,0,0,0,0,0,0
607,2016-08-28 11:06:53.000 MDT,0,0,0,0,0,1,0,0,0,0,0,0,0,0,0,0
608,2016-08-28 11:11:02.000 MDT,0,1,0,0,0,0,0,0,0,0,0,0,0,0,0,0
609,2016-08-28 11:18:38.000 MDT,0,0,0,0,1,0,0,0,0,0,0,0,0,0,0,0
610,2016-08-28 11:18:56.000 MDT,0,0,0,0,1,0,0,0,0,0,0,0,0,0,0,0
611,2016-08-28 11:23:33.000 MDT,0,1,0,0,0,0,0,0,0,0,0,0,0,0,0,0
612,2016-08-28 11:25:53.000 MDT,0,0,1,0,0,0,0,0,0,0,0,0,0,0,0,0
613,2016-08-28 11:26:12.000 MDT,0,0,1,0,0,0,0,0,0,0,0,0,0,0,0,0
614,2016-08-28 11:28:33.000 MDT,0,0,0,0,0,0,1,0,0,0,0,0,0,0,0,0
615,2016-08-28 11:43:33.000 MDT,0,1,0,0,0,0,0,0,0,0,0,0,0,0,0,0
616,2016-08-28 11:51:46.000 MDT,0,0,1,0,0,0,0,0,0,0,0,0,0,0,0,0
617,2016-08-28 11:52:54.000 MDT,0,0,1,0,0,0,0,0,0,0,0,0,0,0,0,0
618,2016-08-28 12:03:32.000 MDT,0,1,0,0,0,0,0,0,0,0,0,0,0,0,0,0
619,2016-08-28 12:12:47.000 MDT,0,1,0,0,0,0,0,0,0,0,0,0,0,0,0,0
620,2016-08-28 12:15:29.000 MDT,0,1,0,0,0,0,0,0,0,0,0,0,0,0,0,0
621,2016-08-28 12:22:38.000 MDT,1,0,0,0,0,0,0,0,0,0,0,0,0,0,0,0
622,2016-08-28 12:23:33.000 MDT,0,0,1,0,0,0,0,0,0,0,0,0,0,0,0,0
623,2016-08-28 12:39:05.000 MDT,1,0,0,0,0,0,0,0,0,0,0,0,0,0,0,0
624,2016-08-28 12:41:23.000 MDT,1,0,0,0,0,0,0,0,0,0,0,0,0,0,0,0
625,2016-08-28 12:44:15.000 MDT,0,1,0,0,0,0,0,0,0,0,0,0,0,0,0,0
626,2016-08-28 12:49:37.000 MDT,0,1,0,0,0,0,0,0,0,0,0,0,0,0,0,0
627,2016-08-28 12:51:13.000 MDT,1,0,0,0,0,0,0,0,0,0,0,0,0,0,0,0
628,2016-08-28 13:02:23.000 MDT,0,0,1,0,0,0,0,0,0,0,0,0,0,0,0,0
629,2016-08-28 13:11:03.000 MDT,0,0,1,0,0,0,0,0,0,0,0,0,0,0,0,0
630,2016-08-28 13:12:04.000 MDT,0,0,0,0,0,1,0,0,0,0,0,0,0,0,0,0
631,2016-08-28 13:13:16.000 MDT,0,1,0,0,0,0,0,0,0,0,0,0,0,0,0,0
632,2016-08-28 13:15:41.000 MDT,0,0,0,1,0,0,0,0,0,0,0,0,0,0,0,0
633,2016-08-28 13:18:11.000 MDT,0,0,1,0,0,0,0,0,0,0,0,0,0,0,0,0
634,2016-08-28 13:25:31.000 MDT,0,0,1,0,0,0,0,0,0,0,0,0,0,0,0,0
635,2016-08-28 13:31:26.000 MDT,0,1,0,0,0,0,0,0,0,0,0,0,0,0,0,0
636,2016-08-28 13:32:12.000 MDT,0,0,0,0,0,0,1,0,0,0,0,0,0,0,0,0
637,2016-08-28 13:37:30.000 MDT,0,1,0,0,0,0,0,0,0,0,0,0,0,0,0,0
638,2016-08-28 13:42:21.000 MDT,0,1,0,0,0,0,0,0,0,0,0,0,0,0,0,0
639,2016-08-28 13:43:16.000 MDT,1,0,0,0,0,0,0,0,0,0,0,0,0,0,0,0
640,2016-08-28 13:56:35.000 MDT,0,0,0,1,0,0,0,0,0,0,0,0,0,0,0,0
641,2016-08-28 14:16:25.000 MDT,0,0,0,0,0,0,1,0,0,0,0,0,0,0,0,0
642,2016-08-28 14:28:05.000 MDT,0,0,1,0,0,0,0,0,0,0,0,0,0,0,0,0
643,2016-08-28 14:33:14.000 MDT,0,1,0,0,0,0,0,0,0,0,0,0,0,0,0,0
644,2016-08-28 15:01:42.000 MDT,0,1,0,0,0,0,0,0,0,0,0,0,0,0,0,0
645,2016-08-28 15:03:42.000 MDT,1,0,0,0,0,0,0,0,0,0,0,0,0,0,0,0
646,2016-08-28 15:17:07.000 MDT,0,1,0,0,0,0,0,0,0,0,0,0,0,0,0,0
647,2016-08-28 15:22:48.000 MDT,0,1,0,0,0,0,0,0,0,0,0,0,0,0,0,0
648,2016-08-28 15:24:36.000 MDT,0,0,0,0,0,1,0,0,0,0,0,0,0,0,0,0
649,2016-08-28 15:28:01.000 MDT,0,0,1,0,0,0,0,0,0,0,0,0,0,0,0,0
650,2016-08-28 15:36:25.000 MDT,0,0,1,0,0,0,0,0,0,0,0,0,0,0,0,0
651,2016-08-28 16:09:33.000 MDT,0,1,0,0,0,0,0,0,0,0,0,0,0,0,0,0
652,2016-08-28 16:15:01.000 MDT,0,0,1,0,0,0,0,0,0,0,0,0,0,0,0,0
653,2016-08-28 16:20:09.000 MDT,0,0,0,0,1,0,0,0,0,0,0,0,0,0,0,0
654,2016-08-28 16:23:40.000 MDT,0,1,0,0,0,0,0,0,0,0,0,0,0,0,0,0
655,2016-08-28 16:24:46.000 MDT,0,1,0,0,0,0,0,0,0,0,0,0,0,0,0,0
656,2016-08-28 16:32:43.000 MDT,0,1,0,0,0,0,0,0,0,0,0,0,0,0,0,0
657,2016-08-28 16:40:16.000 MDT,0,1,0,0,0,0,0,0,0,0,0,0,0,0,0,0
658,2016-08-28 16:47:34.000 MDT,0,0,1,0,0,0,0,0,0,0,0,0,0,0,0,0
659,2016-08-28 16:48:26.000 MDT,0,0,1,0,0,0,0,0,0,0,0,0,0,0,0,0
660,2016-08-28 16:52:47.000 MDT,1,0,0,0,0,0,0,0,0,0,0,0,0,0,0,0
661,2016-08-28 17:01:46.000 MDT,0,0,1,0,0,0,0,0,0,0,0,0,0,0,0,0
662,2016-08-28 17:10:20.000 MDT,0,1,0,0,0,0,0,0,0,0,0,0,0,0,0,0
663,2016-08-28 17:23:04.000 MDT,0,1,0,0,0,0,0,0,0,0,0,0,0,0,0,0
664,2016-08-28 17:23:21.000 MDT,0,1,0,0,0,0,0,0,0,0,0,0,0,0,0,0
665,2016-08-28 17:34:52.000 MDT,0,0,0,0,0,0,1,0,0,0,0,0,0,0,0,0
666,2016-08-28 17:42:30.000 MDT,0,0,1,0,0,0,0,0,0,0,0,0,0,0,0,0
667,2016-08-28 17:45:50.000 MDT,0,0,0,0,0,1,0,0,0,0,0,0,0,0,0,0
668,2016-08-28 17:49:47.000 MDT,0,0,1,0,0,0,0,0,0,0,0,0,0,0,0,0
